#
# Sample name: Sample title.                                                   
# Sample id:   
# Sample type: 
# User name:   
# Sample description: 
#
# Start time:    2020-02-07, 13:34:20
# Real time (s): 530.628
# Live time (s): 300.000
#
# Total counts:  36992665
#
# Left marker:  237 (458.873 keV)
# Right marker: 274 (534.434 keV)
# Counts:  1173
#
# Energy calibration coefficients ( E = sum(Ai * n**i) )
#     A0: -25.120346
#     A1: 2.042167
#     A2: 0.000000
#     A3: 0.000000
# Energy unit: keV
#
# Channel data
# n	energy	counts	rate
#-----------------------------------------------------------------------
1	-23.078	826	2.75333
2	-21.036	1397	4.65667
3	-18.994	1508171	5027.24
4	-16.952	28174819	93916.1
5	-14.910	7177900	23926.3
6	-12.867	106592	355.307
7	-10.825	228	0.76
8	-8.783	76	0.253333
9	-6.741	75	0.25
10	-4.699	95	0.316667
11	-2.657	75	0.25
12	-0.614	94	0.313333
13	1.428	100	0.333333
14	3.470	117	0.39
15	5.512	117	0.39
16	7.554	91	0.303333
17	9.597	36	0.12
18	11.639	42	0.14
19	13.681	36	0.12
20	15.723	43	0.143333
21	17.765	35	0.116667
22	19.807	44	0.146667
23	21.850	46	0.153333
24	23.892	43	0.143333
25	25.934	51	0.17
26	27.976	48	0.16
27	30.018	54	0.18
28	32.060	51	0.17
29	34.103	56	0.186667
30	36.145	46	0.153333
31	38.187	57	0.19
32	40.229	62	0.206667
33	42.271	58	0.193333
34	44.313	51	0.17
35	46.356	57	0.19
36	48.398	56	0.186667
37	50.440	58	0.193333
38	52.482	52	0.173333
39	54.524	50	0.166667
40	56.566	49	0.163333
41	58.609	54	0.18
42	60.651	56	0.186667
43	62.693	72	0.24
44	64.735	54	0.18
45	66.777	64	0.213333
46	68.819	59	0.196667
47	70.862	60	0.2
48	72.904	37	0.123333
49	74.946	44	0.146667
50	76.988	46	0.153333
51	79.030	44	0.146667
52	81.072	62	0.206667
53	83.115	72	0.24
54	85.157	62	0.206667
55	87.199	62	0.206667
56	89.241	57	0.19
57	91.283	59	0.196667
58	93.325	53	0.176667
59	95.368	44	0.146667
60	97.410	55	0.183333
61	99.452	54	0.18
62	101.494	55	0.183333
63	103.536	69	0.23
64	105.578	52	0.173333
65	107.621	48	0.16
66	109.663	53	0.176667
67	111.705	40	0.133333
68	113.747	41	0.136667
69	115.789	41	0.136667
70	117.831	34	0.113333
71	119.874	37	0.123333
72	121.916	37	0.123333
73	123.958	52	0.173333
74	126.000	31	0.103333
75	128.042	33	0.11
76	130.084	38	0.126667
77	132.127	34	0.113333
78	134.169	37	0.123333
79	136.211	43	0.143333
80	138.253	39	0.13
81	140.295	39	0.13
82	142.337	47	0.156667
83	144.380	39	0.13
84	146.422	37	0.123333
85	148.464	38	0.126667
86	150.506	39	0.13
87	152.548	32	0.106667
88	154.590	34	0.113333
89	156.633	47	0.156667
90	158.675	38	0.126667
91	160.717	48	0.16
92	162.759	43	0.143333
93	164.801	52	0.173333
94	166.843	42	0.14
95	168.886	45	0.15
96	170.928	46	0.153333
97	172.970	32	0.106667
98	175.012	44	0.146667
99	177.054	32	0.106667
100	179.096	30	0.1
101	181.139	42	0.14
102	183.181	33	0.11
103	185.223	46	0.153333
104	187.265	46	0.153333
105	189.307	44	0.146667
106	191.349	44	0.146667
107	193.392	49	0.163333
108	195.434	46	0.153333
109	197.476	38	0.126667
110	199.518	38	0.126667
111	201.560	39	0.13
112	203.602	40	0.133333
113	205.645	38	0.126667
114	207.687	32	0.106667
115	209.729	27	0.09
116	211.771	42	0.14
117	213.813	40	0.133333
118	215.855	47	0.156667
119	217.898	54	0.18
120	219.940	31	0.103333
121	221.982	44	0.146667
122	224.024	43	0.143333
123	226.066	41	0.136667
124	228.108	43	0.143333
125	230.151	43	0.143333
126	232.193	38	0.126667
127	234.235	41	0.136667
128	236.277	42	0.14
129	238.319	44	0.146667
130	240.361	46	0.153333
131	242.404	53	0.176667
132	244.446	42	0.14
133	246.488	53	0.176667
134	248.530	56	0.186667
135	250.572	56	0.186667
136	252.614	46	0.153333
137	254.657	52	0.173333
138	256.699	52	0.173333
139	258.741	50	0.166667
140	260.783	60	0.2
141	262.825	33	0.11
142	264.867	60	0.2
143	266.910	61	0.203333
144	268.952	57	0.19
145	270.994	57	0.19
146	273.036	48	0.16
147	275.078	66	0.22
148	277.120	55	0.183333
149	279.163	44	0.146667
150	281.205	45	0.15
151	283.247	48	0.16
152	285.289	56	0.186667
153	287.331	52	0.173333
154	289.373	44	0.146667
155	291.416	39	0.13
156	293.458	42	0.14
157	295.500	41	0.136667
158	297.542	38	0.126667
159	299.584	62	0.206667
160	301.626	44	0.146667
161	303.669	38	0.126667
162	305.711	45	0.15
163	307.753	47	0.156667
164	309.795	61	0.203333
165	311.837	48	0.16
166	313.879	35	0.116667
167	315.922	38	0.126667
168	317.964	32	0.106667
169	320.006	37	0.123333
170	322.048	32	0.106667
171	324.090	39	0.13
172	326.132	43	0.143333
173	328.175	38	0.126667
174	330.217	36	0.12
175	332.259	42	0.14
176	334.301	29	0.0966667
177	336.343	30	0.1
178	338.385	46	0.153333
179	340.428	41	0.136667
180	342.470	38	0.126667
181	344.512	33	0.11
182	346.554	27	0.09
183	348.596	37	0.123333
184	350.638	35	0.116667
185	352.681	32	0.106667
186	354.723	30	0.1
187	356.765	55	0.183333
188	358.807	37	0.123333
189	360.849	38	0.126667
190	362.891	28	0.0933333
191	364.934	47	0.156667
192	366.976	30	0.1
193	369.018	38	0.126667
194	371.060	28	0.0933333
195	373.102	35	0.116667
196	375.144	39	0.13
197	377.187	34	0.113333
198	379.229	26	0.0866667
199	381.271	34	0.113333
200	383.313	44	0.146667
201	385.355	28	0.0933333
202	387.397	35	0.116667
203	389.440	34	0.113333
204	391.482	44	0.146667
205	393.524	34	0.113333
206	395.566	34	0.113333
207	397.608	41	0.136667
208	399.650	27	0.09
209	401.693	36	0.12
210	403.735	31	0.103333
211	405.777	34	0.113333
212	407.819	37	0.123333
213	409.861	36	0.12
214	411.903	20	0.0666667
215	413.946	26	0.0866667
216	415.988	18	0.06
217	418.030	37	0.123333
218	420.072	41	0.136667
219	422.114	35	0.116667
220	424.156	29	0.0966667
221	426.199	32	0.106667
222	428.241	29	0.0966667
223	430.283	37	0.123333
224	432.325	24	0.08
225	434.367	22	0.0733333
226	436.409	48	0.16
227	438.452	32	0.106667
228	440.494	42	0.14
229	442.536	27	0.09
230	444.578	29	0.0966667
231	446.620	26	0.0866667
232	448.662	30	0.1
233	450.705	38	0.126667
234	452.747	35	0.116667
235	454.789	30	0.1
236	456.831	31	0.103333
237	458.873	25	0.0833333
238	460.916	37	0.123333
239	462.958	36	0.12
240	465.000	29	0.0966667
241	467.042	31	0.103333
242	469.084	28	0.0933333
243	471.126	32	0.106667
244	473.169	37	0.123333
245	475.211	26	0.0866667
246	477.253	24	0.08
247	479.295	35	0.116667
248	481.337	34	0.113333
249	483.379	35	0.116667
250	485.422	28	0.0933333
251	487.464	31	0.103333
252	489.506	34	0.113333
253	491.548	27	0.09
254	493.590	36	0.12
255	495.632	34	0.113333
256	497.675	24	0.08
257	499.717	34	0.113333
258	501.759	26	0.0866667
259	503.801	24	0.08
260	505.843	34	0.113333
261	507.885	36	0.12
262	509.928	27	0.09
263	511.970	41	0.136667
264	514.012	38	0.126667
265	516.054	26	0.0866667
266	518.096	32	0.106667
267	520.138	29	0.0966667
268	522.181	28	0.0933333
269	524.223	29	0.0966667
270	526.265	33	0.11
271	528.307	41	0.136667
272	530.349	34	0.113333
273	532.391	27	0.09
274	534.434	36	0.12
275	536.476	32	0.106667
276	538.518	34	0.113333
277	540.560	35	0.116667
278	542.602	26	0.0866667
279	544.644	34	0.113333
280	546.687	29	0.0966667
281	548.729	33	0.11
282	550.771	23	0.0766667
283	552.813	26	0.0866667
284	554.855	21	0.07
285	556.897	27	0.09
286	558.940	31	0.103333
287	560.982	29	0.0966667
288	563.024	30	0.1
289	565.066	34	0.113333
290	567.108	32	0.106667
291	569.150	34	0.113333
292	571.193	19	0.0633333
293	573.235	36	0.12
294	575.277	31	0.103333
295	577.319	30	0.1
296	579.361	24	0.08
297	581.403	26	0.0866667
298	583.446	29	0.0966667
299	585.488	37	0.123333
300	587.530	31	0.103333
301	589.572	25	0.0833333
302	591.614	25	0.0833333
303	593.656	27	0.09
304	595.699	28	0.0933333
305	597.741	34	0.113333
306	599.783	25	0.0833333
307	601.825	26	0.0866667
308	603.867	32	0.106667
309	605.909	31	0.103333
310	607.952	22	0.0733333
311	609.994	31	0.103333
312	612.036	19	0.0633333
313	614.078	20	0.0666667
314	616.120	25	0.0833333
315	618.162	32	0.106667
316	620.205	36	0.12
317	622.247	33	0.11
318	624.289	36	0.12
319	626.331	29	0.0966667
320	628.373	32	0.106667
321	630.415	29	0.0966667
322	632.458	26	0.0866667
323	634.500	28	0.0933333
324	636.542	28	0.0933333
325	638.584	32	0.106667
326	640.626	34	0.113333
327	642.668	30	0.1
328	644.711	34	0.113333
329	646.753	31	0.103333
330	648.795	42	0.14
331	650.837	31	0.103333
332	652.879	30	0.1
333	654.921	33	0.11
334	656.964	31	0.103333
335	659.006	40	0.133333
336	661.048	34	0.113333
337	663.090	32	0.106667
338	665.132	36	0.12
339	667.174	32	0.106667
340	669.217	30	0.1
341	671.259	30	0.1
342	673.301	25	0.0833333
343	675.343	37	0.123333
344	677.385	32	0.106667
345	679.427	36	0.12
346	681.470	28	0.0933333
347	683.512	25	0.0833333
348	685.554	41	0.136667
349	687.596	29	0.0966667
350	689.638	29	0.0966667
351	691.680	21	0.07
352	693.723	35	0.116667
353	695.765	26	0.0866667
354	697.807	23	0.0766667
355	699.849	28	0.0933333
356	701.891	30	0.1
357	703.933	31	0.103333
358	705.976	44	0.146667
359	708.018	33	0.11
360	710.060	31	0.103333
361	712.102	37	0.123333
362	714.144	28	0.0933333
363	716.186	28	0.0933333
364	718.229	41	0.136667
365	720.271	29	0.0966667
366	722.313	48	0.16
367	724.355	27	0.09
368	726.397	39	0.13
369	728.439	25	0.0833333
370	730.482	34	0.113333
371	732.524	27	0.09
372	734.566	40	0.133333
373	736.608	32	0.106667
374	738.650	34	0.113333
375	740.692	28	0.0933333
376	742.735	33	0.11
377	744.777	38	0.126667
378	746.819	36	0.12
379	748.861	24	0.08
380	750.903	31	0.103333
381	752.945	42	0.14
382	754.988	36	0.12
383	757.030	42	0.14
384	759.072	32	0.106667
385	761.114	29	0.0966667
386	763.156	30	0.1
387	765.198	26	0.0866667
388	767.241	24	0.08
389	769.283	29	0.0966667
390	771.325	24	0.08
391	773.367	34	0.113333
392	775.409	28	0.0933333
393	777.451	24	0.08
394	779.494	30	0.1
395	781.536	30	0.1
396	783.578	22	0.0733333
397	785.620	24	0.08
398	787.662	24	0.08
399	789.704	21	0.07
400	791.747	17	0.0566667
401	793.789	22	0.0733333
402	795.831	20	0.0666667
403	797.873	20	0.0666667
404	799.915	22	0.0733333
405	801.957	16	0.0533333
406	804.000	10	0.0333333
407	806.042	18	0.06
408	808.084	18	0.06
409	810.126	15	0.05
410	812.168	22	0.0733333
411	814.210	14	0.0466667
412	816.253	21	0.07
413	818.295	17	0.0566667
414	820.337	17	0.0566667
415	822.379	19	0.0633333
416	824.421	15	0.05
417	826.463	15	0.05
418	828.506	17	0.0566667
419	830.548	12	0.04
420	832.590	10	0.0333333
421	834.632	14	0.0466667
422	836.674	16	0.0533333
423	838.716	17	0.0566667
424	840.759	15	0.05
425	842.801	13	0.0433333
426	844.843	14	0.0466667
427	846.885	13	0.0433333
428	848.927	8	0.0266667
429	850.969	12	0.04
430	853.012	25	0.0833333
431	855.054	11	0.0366667
432	857.096	14	0.0466667
433	859.138	16	0.0533333
434	861.180	9	0.03
435	863.222	13	0.0433333
436	865.265	6	0.02
437	867.307	10	0.0333333
438	869.349	10	0.0333333
439	871.391	9	0.03
440	873.433	8	0.0266667
441	875.475	7	0.0233333
442	877.518	5	0.0166667
443	879.560	13	0.0433333
444	881.602	5	0.0166667
445	883.644	10	0.0333333
446	885.686	8	0.0266667
447	887.728	11	0.0366667
448	889.771	9	0.03
449	891.813	8	0.0266667
450	893.855	12	0.04
451	895.897	3	0.01
452	897.939	10	0.0333333
453	899.981	7	0.0233333
454	902.024	9	0.03
455	904.066	6	0.02
456	906.108	9	0.03
457	908.150	5	0.0166667
458	910.192	9	0.03
459	912.235	6	0.02
460	914.277	8	0.0266667
461	916.319	10	0.0333333
462	918.361	6	0.02
463	920.403	8	0.0266667
464	922.445	5	0.0166667
465	924.488	9	0.03
466	926.530	3	0.01
467	928.572	6	0.02
468	930.614	9	0.03
469	932.656	8	0.0266667
470	934.698	6	0.02
471	936.741	6	0.02
472	938.783	4	0.0133333
473	940.825	3	0.01
474	942.867	9	0.03
475	944.909	8	0.0266667
476	946.951	11	0.0366667
477	948.994	7	0.0233333
478	951.036	6	0.02
479	953.078	4	0.0133333
480	955.120	4	0.0133333
481	957.162	13	0.0433333
482	959.204	4	0.0133333
483	961.247	4	0.0133333
484	963.289	3	0.01
485	965.331	7	0.0233333
486	967.373	4	0.0133333
487	969.415	9	0.03
488	971.457	6	0.02
489	973.500	9	0.03
490	975.542	11	0.0366667
491	977.584	8	0.0266667
492	979.626	5	0.0166667
493	981.668	15	0.05
494	983.710	15	0.05
495	985.753	15	0.05
496	987.795	10	0.0333333
497	989.837	10	0.0333333
498	991.879	9	0.03
499	993.921	16	0.0533333
500	995.963	17	0.0566667
501	998.006	17	0.0566667
502	1000.048	22	0.0733333
503	1002.090	22	0.0733333
504	1004.132	29	0.0966667
505	1006.174	31	0.103333
506	1008.216	30	0.1
507	1010.259	23	0.0766667
508	1012.301	41	0.136667
509	1014.343	49	0.163333
510	1016.385	50	0.166667
511	1018.427	47	0.156667
512	1020.469	51	0.17
513	1022.512	52	0.173333
514	1024.554	63	0.21
515	1026.596	67	0.223333
516	1028.638	71	0.236667
517	1030.680	79	0.263333
518	1032.722	89	0.296667
519	1034.765	90	0.3
520	1036.807	113	0.376667
521	1038.849	110	0.366667
522	1040.891	116	0.386667
523	1042.933	108	0.36
524	1044.975	136	0.453333
525	1047.018	139	0.463333
526	1049.060	139	0.463333
527	1051.102	141	0.47
528	1053.144	162	0.54
529	1055.186	141	0.47
530	1057.228	152	0.506667
531	1059.271	166	0.553333
532	1061.313	160	0.533333
533	1063.355	172	0.573333
534	1065.397	153	0.51
535	1067.439	152	0.506667
536	1069.481	163	0.543333
537	1071.524	140	0.466667
538	1073.566	184	0.613333
539	1075.608	152	0.506667
540	1077.650	123	0.41
541	1079.692	134	0.446667
542	1081.734	122	0.406667
543	1083.777	135	0.45
544	1085.819	123	0.41
545	1087.861	134	0.446667
546	1089.903	120	0.4
547	1091.945	94	0.313333
548	1093.987	82	0.273333
549	1096.030	68	0.226667
550	1098.072	80	0.266667
551	1100.114	65	0.216667
552	1102.156	56	0.186667
553	1104.198	57	0.19
554	1106.240	39	0.13
555	1108.283	56	0.186667
556	1110.325	46	0.153333
557	1112.367	23	0.0766667
558	1114.409	31	0.103333
559	1116.451	26	0.0866667
560	1118.493	19	0.0633333
561	1120.536	21	0.07
562	1122.578	16	0.0533333
563	1124.620	13	0.0433333
564	1126.662	13	0.0433333
565	1128.704	7	0.0233333
566	1130.746	10	0.0333333
567	1132.789	6	0.02
568	1134.831	10	0.0333333
569	1136.873	9	0.03
570	1138.915	7	0.0233333
571	1140.957	4	0.0133333
572	1142.999	7	0.0233333
573	1145.042	3	0.01
574	1147.084	4	0.0133333
575	1149.126	3	0.01
576	1151.168	2	0.00666667
577	1153.210	6	0.02
578	1155.252	2	0.00666667
579	1157.295	2	0.00666667
580	1159.337	0	0
581	1161.379	1	0.00333333
582	1163.421	1	0.00333333
583	1165.463	4	0.0133333
584	1167.505	6	0.02
585	1169.548	5	0.0166667
586	1171.590	3	0.01
587	1173.632	2	0.00666667
588	1175.674	2	0.00666667
589	1177.716	0	0
590	1179.758	5	0.0166667
591	1181.801	3	0.01
592	1183.843	3	0.01
593	1185.885	1	0.00333333
594	1187.927	4	0.0133333
595	1189.969	6	0.02
596	1192.011	2	0.00666667
597	1194.054	2	0.00666667
598	1196.096	2	0.00666667
599	1198.138	1	0.00333333
600	1200.180	3	0.01
601	1202.222	0	0
602	1204.264	1	0.00333333
603	1206.307	3	0.01
604	1208.349	5	0.0166667
605	1210.391	3	0.01
606	1212.433	2	0.00666667
607	1214.475	4	0.0133333
608	1216.517	4	0.0133333
609	1218.560	2	0.00666667
610	1220.602	4	0.0133333
611	1222.644	3	0.01
612	1224.686	4	0.0133333
613	1226.728	3	0.01
614	1228.770	2	0.00666667
615	1230.813	1	0.00333333
616	1232.855	1	0.00333333
617	1234.897	3	0.01
618	1236.939	3	0.01
619	1238.981	3	0.01
620	1241.023	6	0.02
621	1243.066	0	0
622	1245.108	0	0
623	1247.150	6	0.02
624	1249.192	2	0.00666667
625	1251.234	1	0.00333333
626	1253.276	3	0.01
627	1255.319	5	0.0166667
628	1257.361	5	0.0166667
629	1259.403	2	0.00666667
630	1261.445	2	0.00666667
631	1263.487	1	0.00333333
632	1265.529	7	0.0233333
633	1267.572	2	0.00666667
634	1269.614	6	0.02
635	1271.656	4	0.0133333
636	1273.698	2	0.00666667
637	1275.740	2	0.00666667
638	1277.782	2	0.00666667
639	1279.825	3	0.01
640	1281.867	3	0.01
641	1283.909	1	0.00333333
642	1285.951	5	0.0166667
643	1287.993	2	0.00666667
644	1290.035	5	0.0166667
645	1292.078	3	0.01
646	1294.120	2	0.00666667
647	1296.162	1	0.00333333
648	1298.204	1	0.00333333
649	1300.246	2	0.00666667
650	1302.288	4	0.0133333
651	1304.331	0	0
652	1306.373	3	0.01
653	1308.415	1	0.00333333
654	1310.457	2	0.00666667
655	1312.499	2	0.00666667
656	1314.541	1	0.00333333
657	1316.584	1	0.00333333
658	1318.626	4	0.0133333
659	1320.668	3	0.01
660	1322.710	1	0.00333333
661	1324.752	3	0.01
662	1326.794	2	0.00666667
663	1328.837	3	0.01
664	1330.879	3	0.01
665	1332.921	0	0
666	1334.963	3	0.01
667	1337.005	5	0.0166667
668	1339.047	2	0.00666667
669	1341.090	4	0.0133333
670	1343.132	3	0.01
671	1345.174	3	0.01
672	1347.216	1	0.00333333
673	1349.258	1	0.00333333
674	1351.300	1	0.00333333
675	1353.343	4	0.0133333
676	1355.385	2	0.00666667
677	1357.427	1	0.00333333
678	1359.469	1	0.00333333
679	1361.511	5	0.0166667
680	1363.554	0	0
681	1365.596	0	0
682	1367.638	1	0.00333333
683	1369.680	2	0.00666667
684	1371.722	2	0.00666667
685	1373.764	3	0.01
686	1375.807	1	0.00333333
687	1377.849	3	0.01
688	1379.891	2	0.00666667
689	1381.933	4	0.0133333
690	1383.975	1	0.00333333
691	1386.017	3	0.01
692	1388.060	0	0
693	1390.102	4	0.0133333
694	1392.144	0	0
695	1394.186	5	0.0166667
696	1396.228	2	0.00666667
697	1398.270	0	0
698	1400.313	1	0.00333333
699	1402.355	2	0.00666667
700	1404.397	1	0.00333333
701	1406.439	4	0.0133333
702	1408.481	1	0.00333333
703	1410.523	1	0.00333333
704	1412.566	3	0.01
705	1414.608	4	0.0133333
706	1416.650	3	0.01
707	1418.692	1	0.00333333
708	1420.734	1	0.00333333
709	1422.776	0	0
710	1424.819	2	0.00666667
711	1426.861	3	0.01
712	1428.903	4	0.0133333
713	1430.945	3	0.01
714	1432.987	2	0.00666667
715	1435.029	0	0
716	1437.072	1	0.00333333
717	1439.114	5	0.0166667
718	1441.156	2	0.00666667
719	1443.198	1	0.00333333
720	1445.240	0	0
721	1447.282	1	0.00333333
722	1449.325	0	0
723	1451.367	2	0.00666667
724	1453.409	1	0.00333333
725	1455.451	4	0.0133333
726	1457.493	2	0.00666667
727	1459.535	3	0.01
728	1461.578	4	0.0133333
729	1463.620	5	0.0166667
730	1465.662	5	0.0166667
731	1467.704	2	0.00666667
732	1469.746	2	0.00666667
733	1471.788	1	0.00333333
734	1473.831	4	0.0133333
735	1475.873	2	0.00666667
736	1477.915	1	0.00333333
737	1479.957	1	0.00333333
738	1481.999	1	0.00333333
739	1484.041	1	0.00333333
740	1486.084	0	0
741	1488.126	1	0.00333333
742	1490.168	3	0.01
743	1492.210	4	0.0133333
744	1494.252	2	0.00666667
745	1496.294	5	0.0166667
746	1498.337	3	0.01
747	1500.379	0	0
748	1502.421	2	0.00666667
749	1504.463	3	0.01
750	1506.505	3	0.01
751	1508.547	0	0
752	1510.590	4	0.0133333
753	1512.632	3	0.01
754	1514.674	3	0.01
755	1516.716	1	0.00333333
756	1518.758	2	0.00666667
757	1520.800	1	0.00333333
758	1522.843	1	0.00333333
759	1524.885	3	0.01
760	1526.927	4	0.0133333
761	1528.969	3	0.01
762	1531.011	2	0.00666667
763	1533.053	4	0.0133333
764	1535.096	3	0.01
765	1537.138	3	0.01
766	1539.180	2	0.00666667
767	1541.222	2	0.00666667
768	1543.264	3	0.01
769	1545.306	0	0
770	1547.349	2	0.00666667
771	1549.391	3	0.01
772	1551.433	3	0.01
773	1553.475	2	0.00666667
774	1555.517	1	0.00333333
775	1557.559	1	0.00333333
776	1559.602	1	0.00333333
777	1561.644	2	0.00666667
778	1563.686	0	0
779	1565.728	4	0.0133333
780	1567.770	1	0.00333333
781	1569.812	2	0.00666667
782	1571.855	4	0.0133333
783	1573.897	2	0.00666667
784	1575.939	3	0.01
785	1577.981	0	0
786	1580.023	0	0
787	1582.065	2	0.00666667
788	1584.108	1	0.00333333
789	1586.150	1	0.00333333
790	1588.192	1	0.00333333
791	1590.234	0	0
792	1592.276	2	0.00666667
793	1594.318	2	0.00666667
794	1596.361	4	0.0133333
795	1598.403	1	0.00333333
796	1600.445	1	0.00333333
797	1602.487	1	0.00333333
798	1604.529	0	0
799	1606.571	2	0.00666667
800	1608.614	2	0.00666667
801	1610.656	0	0
802	1612.698	1	0.00333333
803	1614.740	0	0
804	1616.782	1	0.00333333
805	1618.824	4	0.0133333
806	1620.867	4	0.0133333
807	1622.909	0	0
808	1624.951	1	0.00333333
809	1626.993	1	0.00333333
810	1629.035	0	0
811	1631.077	0	0
812	1633.120	1	0.00333333
813	1635.162	0	0
814	1637.204	1	0.00333333
815	1639.246	3	0.01
816	1641.288	0	0
817	1643.330	0	0
818	1645.373	5	0.0166667
819	1647.415	2	0.00666667
820	1649.457	0	0
821	1651.499	0	0
822	1653.541	2	0.00666667
823	1655.583	0	0
824	1657.626	0	0
825	1659.668	2	0.00666667
826	1661.710	0	0
827	1663.752	0	0
828	1665.794	0	0
829	1667.836	2	0.00666667
830	1669.879	1	0.00333333
831	1671.921	2	0.00666667
832	1673.963	3	0.01
833	1676.005	2	0.00666667
834	1678.047	2	0.00666667
835	1680.089	3	0.01
836	1682.132	2	0.00666667
837	1684.174	3	0.01
838	1686.216	2	0.00666667
839	1688.258	2	0.00666667
840	1690.300	0	0
841	1692.342	2	0.00666667
842	1694.385	1	0.00333333
843	1696.427	0	0
844	1698.469	0	0
845	1700.511	1	0.00333333
846	1702.553	1	0.00333333
847	1704.595	1	0.00333333
848	1706.638	0	0
849	1708.680	0	0
850	1710.722	1	0.00333333
851	1712.764	2	0.00666667
852	1714.806	1	0.00333333
853	1716.848	0	0
854	1718.891	0	0
855	1720.933	1	0.00333333
856	1722.975	6	0.02
857	1725.017	1	0.00333333
858	1727.059	1	0.00333333
859	1729.101	0	0
860	1731.144	0	0
861	1733.186	0	0
862	1735.228	2	0.00666667
863	1737.270	1	0.00333333
864	1739.312	0	0
865	1741.354	1	0.00333333
866	1743.397	3	0.01
867	1745.439	0	0
868	1747.481	0	0
869	1749.523	0	0
870	1751.565	3	0.01
871	1753.607	1	0.00333333
872	1755.650	0	0
873	1757.692	1	0.00333333
874	1759.734	4	0.0133333
875	1761.776	2	0.00666667
876	1763.818	2	0.00666667
877	1765.860	2	0.00666667
878	1767.903	1	0.00333333
879	1769.945	1	0.00333333
880	1771.987	0	0
881	1774.029	3	0.01
882	1776.071	0	0
883	1778.113	2	0.00666667
884	1780.156	1	0.00333333
885	1782.198	0	0
886	1784.240	0	0
887	1786.282	2	0.00666667
888	1788.324	2	0.00666667
889	1790.366	2	0.00666667
890	1792.409	5	0.0166667
891	1794.451	1	0.00333333
892	1796.493	1	0.00333333
893	1798.535	3	0.01
894	1800.577	1	0.00333333
895	1802.619	2	0.00666667
896	1804.662	2	0.00666667
897	1806.704	5	0.0166667
898	1808.746	1	0.00333333
899	1810.788	2	0.00666667
900	1812.830	0	0
901	1814.873	3	0.01
902	1816.915	1	0.00333333
903	1818.957	2	0.00666667
904	1820.999	1	0.00333333
905	1823.041	3	0.01
906	1825.083	1	0.00333333
907	1827.126	1	0.00333333
908	1829.168	1	0.00333333
909	1831.210	3	0.01
910	1833.252	2	0.00666667
911	1835.294	4	0.0133333
912	1837.336	3	0.01
913	1839.379	2	0.00666667
914	1841.421	2	0.00666667
915	1843.463	4	0.0133333
916	1845.505	5	0.0166667
917	1847.547	3	0.01
918	1849.589	0	0
919	1851.632	1	0.00333333
920	1853.674	4	0.0133333
921	1855.716	5	0.0166667
922	1857.758	2	0.00666667
923	1859.800	4	0.0133333
924	1861.842	4	0.0133333
925	1863.885	3	0.01
926	1865.927	1	0.00333333
927	1867.969	2	0.00666667
928	1870.011	0	0
929	1872.053	3	0.01
930	1874.095	2	0.00666667
931	1876.138	2	0.00666667
932	1878.180	1	0.00333333
933	1880.222	1	0.00333333
934	1882.264	3	0.01
935	1884.306	0	0
936	1886.348	1	0.00333333
937	1888.391	3	0.01
938	1890.433	3	0.01
939	1892.475	2	0.00666667
940	1894.517	3	0.01
941	1896.559	4	0.0133333
942	1898.601	2	0.00666667
943	1900.644	2	0.00666667
944	1902.686	3	0.01
945	1904.728	2	0.00666667
946	1906.770	0	0
947	1908.812	3	0.01
948	1910.854	2	0.00666667
949	1912.897	1	0.00333333
950	1914.939	0	0
951	1916.981	0	0
952	1919.023	1	0.00333333
953	1921.065	1	0.00333333
954	1923.107	1	0.00333333
955	1925.150	1	0.00333333
956	1927.192	0	0
957	1929.234	0	0
958	1931.276	1	0.00333333
959	1933.318	1	0.00333333
960	1935.360	0	0
961	1937.403	2	0.00666667
962	1939.445	0	0
963	1941.487	1	0.00333333
964	1943.529	1	0.00333333
965	1945.571	0	0
966	1947.613	0	0
967	1949.656	1	0.00333333
968	1951.698	0	0
969	1953.740	0	0
970	1955.782	0	0
971	1957.824	0	0
972	1959.866	1	0.00333333
973	1961.909	0	0
974	1963.951	0	0
975	1965.993	1	0.00333333
976	1968.035	3	0.01
977	1970.077	1	0.00333333
978	1972.119	2	0.00666667
979	1974.162	1	0.00333333
980	1976.204	0	0
981	1978.246	0	0
982	1980.288	1	0.00333333
983	1982.330	0	0
984	1984.372	1	0.00333333
985	1986.415	1	0.00333333
986	1988.457	4	0.0133333
987	1990.499	1	0.00333333
988	1992.541	0	0
989	1994.583	1	0.00333333
990	1996.625	1	0.00333333
991	1998.668	1	0.00333333
992	2000.710	3	0.01
993	2002.752	1	0.00333333
994	2004.794	1	0.00333333
995	2006.836	0	0
996	2008.878	0	0
997	2010.921	1	0.00333333
998	2012.963	1	0.00333333
999	2015.005	1	0.00333333
1000	2017.047	0	0
1001	2019.089	1	0.00333333
1002	2021.131	0	0
1003	2023.174	1	0.00333333
1004	2025.216	2	0.00666667
1005	2027.258	2	0.00666667
1006	2029.300	0	0
1007	2031.342	0	0
1008	2033.384	0	0
1009	2035.427	0	0
1010	2037.469	1	0.00333333
1011	2039.511	1	0.00333333
1012	2041.553	1	0.00333333
1013	2043.595	0	0
1014	2045.637	2	0.00666667
1015	2047.680	1	0.00333333
1016	2049.722	1	0.00333333
1017	2051.764	1	0.00333333
1018	2053.806	0	0
1019	2055.848	1	0.00333333
1020	2057.890	1	0.00333333
1021	2059.933	1	0.00333333
1022	2061.975	1	0.00333333
1023	2064.017	1	0.00333333
1024	2066.059	0	0
