#
# Sample name: Sample title.                                                   
# Sample id:   
# Sample type: 
# User name:   
# Sample description: 
#
# Start time:    2020-02-07, 13:45:52
# Real time (s): 535.027
# Live time (s): 300.000
#
# Total counts:  37448269
#
# Left marker:  237 (458.873 keV)
# Right marker: 274 (534.434 keV)
# Counts:  292
#
# Energy calibration coefficients ( E = sum(Ai * n**i) )
#     A0: -25.120346
#     A1: 2.042167
#     A2: 0.000000
#     A3: 0.000000
# Energy unit: keV
#
# Channel data
# n	energy	counts	rate
#-----------------------------------------------------------------------
1	-23.078	814	2.71333
2	-21.036	1489	4.96333
3	-18.994	1360128	4533.76
4	-16.952	28338559	94461.9
5	-14.910	7589684	25298.9
6	-12.867	118361	394.537
7	-10.825	453	1.51
8	-8.783	220	0.733333
9	-6.741	222	0.74
10	-4.699	224	0.746667
11	-2.657	245	0.816667
12	-0.614	313	1.04333
13	1.428	442	1.47333
14	3.470	909	3.03
15	5.512	1778	5.92667
16	7.554	2645	8.81667
17	9.597	3249	10.83
18	11.639	3680	12.2667
19	13.681	3771	12.57
20	15.723	3044	10.1467
21	17.765	2032	6.77333
22	19.807	1160	3.86667
23	21.850	587	1.95667
24	23.892	222	0.74
25	25.934	99	0.33
26	27.976	104	0.346667
27	30.018	70	0.233333
28	32.060	53	0.176667
29	34.103	46	0.153333
30	36.145	52	0.173333
31	38.187	42	0.14
32	40.229	44	0.146667
33	42.271	49	0.163333
34	44.313	59	0.196667
35	46.356	54	0.18
36	48.398	66	0.22
37	50.440	78	0.26
38	52.482	65	0.216667
39	54.524	84	0.28
40	56.566	106	0.353333
41	58.609	96	0.32
42	60.651	109	0.363333
43	62.693	93	0.31
44	64.735	79	0.263333
45	66.777	87	0.29
46	68.819	76	0.253333
47	70.862	64	0.213333
48	72.904	66	0.22
49	74.946	76	0.253333
50	76.988	93	0.31
51	79.030	98	0.326667
52	81.072	103	0.343333
53	83.115	116	0.386667
54	85.157	136	0.453333
55	87.199	119	0.396667
56	89.241	133	0.443333
57	91.283	197	0.656667
58	93.325	277	0.923333
59	95.368	327	1.09
60	97.410	502	1.67333
61	99.452	662	2.20667
62	101.494	757	2.52333
63	103.536	858	2.86
64	105.578	859	2.86333
65	107.621	737	2.45667
66	109.663	604	2.01333
67	111.705	450	1.5
68	113.747	307	1.02333
69	115.789	176	0.586667
70	117.831	92	0.306667
71	119.874	62	0.206667
72	121.916	41	0.136667
73	123.958	41	0.136667
74	126.000	43	0.143333
75	128.042	29	0.0966667
76	130.084	27	0.09
77	132.127	18	0.06
78	134.169	24	0.08
79	136.211	29	0.0966667
80	138.253	26	0.0866667
81	140.295	26	0.0866667
82	142.337	13	0.0433333
83	144.380	17	0.0566667
84	146.422	12	0.04
85	148.464	14	0.0466667
86	150.506	11	0.0366667
87	152.548	17	0.0566667
88	154.590	8	0.0266667
89	156.633	13	0.0433333
90	158.675	11	0.0366667
91	160.717	10	0.0333333
92	162.759	14	0.0466667
93	164.801	14	0.0466667
94	166.843	17	0.0566667
95	168.886	11	0.0366667
96	170.928	14	0.0466667
97	172.970	16	0.0533333
98	175.012	16	0.0533333
99	177.054	15	0.05
100	179.096	15	0.05
101	181.139	15	0.05
102	183.181	12	0.04
103	185.223	11	0.0366667
104	187.265	16	0.0533333
105	189.307	18	0.06
106	191.349	21	0.07
107	193.392	14	0.0466667
108	195.434	15	0.05
109	197.476	17	0.0566667
110	199.518	10	0.0333333
111	201.560	18	0.06
112	203.602	7	0.0233333
113	205.645	18	0.06
114	207.687	20	0.0666667
115	209.729	12	0.04
116	211.771	14	0.0466667
117	213.813	14	0.0466667
118	215.855	7	0.0233333
119	217.898	12	0.04
120	219.940	10	0.0333333
121	221.982	12	0.04
122	224.024	7	0.0233333
123	226.066	10	0.0333333
124	228.108	12	0.04
125	230.151	17	0.0566667
126	232.193	14	0.0466667
127	234.235	18	0.06
128	236.277	17	0.0566667
129	238.319	11	0.0366667
130	240.361	10	0.0333333
131	242.404	9	0.03
132	244.446	10	0.0333333
133	246.488	13	0.0433333
134	248.530	13	0.0433333
135	250.572	13	0.0433333
136	252.614	12	0.04
137	254.657	14	0.0466667
138	256.699	8	0.0266667
139	258.741	6	0.02
140	260.783	14	0.0466667
141	262.825	9	0.03
142	264.867	12	0.04
143	266.910	15	0.05
144	268.952	19	0.0633333
145	270.994	10	0.0333333
146	273.036	10	0.0333333
147	275.078	7	0.0233333
148	277.120	9	0.03
149	279.163	10	0.0333333
150	281.205	14	0.0466667
151	283.247	12	0.04
152	285.289	12	0.04
153	287.331	7	0.0233333
154	289.373	6	0.02
155	291.416	10	0.0333333
156	293.458	7	0.0233333
157	295.500	14	0.0466667
158	297.542	18	0.06
159	299.584	6	0.02
160	301.626	10	0.0333333
161	303.669	15	0.05
162	305.711	10	0.0333333
163	307.753	12	0.04
164	309.795	11	0.0366667
165	311.837	9	0.03
166	313.879	12	0.04
167	315.922	10	0.0333333
168	317.964	9	0.03
169	320.006	13	0.0433333
170	322.048	9	0.03
171	324.090	10	0.0333333
172	326.132	12	0.04
173	328.175	9	0.03
174	330.217	6	0.02
175	332.259	10	0.0333333
176	334.301	12	0.04
177	336.343	9	0.03
178	338.385	11	0.0366667
179	340.428	10	0.0333333
180	342.470	6	0.02
181	344.512	7	0.0233333
182	346.554	7	0.0233333
183	348.596	7	0.0233333
184	350.638	14	0.0466667
185	352.681	14	0.0466667
186	354.723	7	0.0233333
187	356.765	11	0.0366667
188	358.807	10	0.0333333
189	360.849	10	0.0333333
190	362.891	11	0.0366667
191	364.934	9	0.03
192	366.976	5	0.0166667
193	369.018	6	0.02
194	371.060	13	0.0433333
195	373.102	11	0.0366667
196	375.144	12	0.04
197	377.187	9	0.03
198	379.229	7	0.0233333
199	381.271	10	0.0333333
200	383.313	6	0.02
201	385.355	10	0.0333333
202	387.397	13	0.0433333
203	389.440	12	0.04
204	391.482	13	0.0433333
205	393.524	9	0.03
206	395.566	12	0.04
207	397.608	3	0.01
208	399.650	11	0.0366667
209	401.693	10	0.0333333
210	403.735	10	0.0333333
211	405.777	6	0.02
212	407.819	5	0.0166667
213	409.861	8	0.0266667
214	411.903	7	0.0233333
215	413.946	10	0.0333333
216	415.988	14	0.0466667
217	418.030	9	0.03
218	420.072	5	0.0166667
219	422.114	10	0.0333333
220	424.156	9	0.03
221	426.199	8	0.0266667
222	428.241	10	0.0333333
223	430.283	11	0.0366667
224	432.325	10	0.0333333
225	434.367	12	0.04
226	436.409	11	0.0366667
227	438.452	7	0.0233333
228	440.494	10	0.0333333
229	442.536	10	0.0333333
230	444.578	4	0.0133333
231	446.620	6	0.02
232	448.662	7	0.0233333
233	450.705	10	0.0333333
234	452.747	7	0.0233333
235	454.789	7	0.0233333
236	456.831	9	0.03
237	458.873	10	0.0333333
238	460.916	10	0.0333333
239	462.958	11	0.0366667
240	465.000	10	0.0333333
241	467.042	11	0.0366667
242	469.084	11	0.0366667
243	471.126	5	0.0166667
244	473.169	9	0.03
245	475.211	7	0.0233333
246	477.253	3	0.01
247	479.295	4	0.0133333
248	481.337	9	0.03
249	483.379	5	0.0166667
250	485.422	14	0.0466667
251	487.464	7	0.0233333
252	489.506	9	0.03
253	491.548	12	0.04
254	493.590	10	0.0333333
255	495.632	6	0.02
256	497.675	4	0.0133333
257	499.717	7	0.0233333
258	501.759	5	0.0166667
259	503.801	6	0.02
260	505.843	11	0.0366667
261	507.885	10	0.0333333
262	509.928	8	0.0266667
263	511.970	7	0.0233333
264	514.012	9	0.03
265	516.054	4	0.0133333
266	518.096	6	0.02
267	520.138	4	0.0133333
268	522.181	6	0.02
269	524.223	8	0.0266667
270	526.265	10	0.0333333
271	528.307	10	0.0333333
272	530.349	13	0.0433333
273	532.391	7	0.0233333
274	534.434	4	0.0133333
275	536.476	6	0.02
276	538.518	2	0.00666667
277	540.560	4	0.0133333
278	542.602	4	0.0133333
279	544.644	10	0.0333333
280	546.687	4	0.0133333
281	548.729	6	0.02
282	550.771	5	0.0166667
283	552.813	9	0.03
284	554.855	3	0.01
285	556.897	5	0.0166667
286	558.940	10	0.0333333
287	560.982	1	0.00333333
288	563.024	10	0.0333333
289	565.066	1	0.00333333
290	567.108	9	0.03
291	569.150	7	0.0233333
292	571.193	3	0.01
293	573.235	7	0.0233333
294	575.277	11	0.0366667
295	577.319	9	0.03
296	579.361	7	0.0233333
297	581.403	10	0.0333333
298	583.446	3	0.01
299	585.488	9	0.03
300	587.530	3	0.01
301	589.572	4	0.0133333
302	591.614	6	0.02
303	593.656	7	0.0233333
304	595.699	10	0.0333333
305	597.741	4	0.0133333
306	599.783	6	0.02
307	601.825	6	0.02
308	603.867	5	0.0166667
309	605.909	4	0.0133333
310	607.952	6	0.02
311	609.994	7	0.0233333
312	612.036	7	0.0233333
313	614.078	8	0.0266667
314	616.120	7	0.0233333
315	618.162	3	0.01
316	620.205	8	0.0266667
317	622.247	5	0.0166667
318	624.289	7	0.0233333
319	626.331	9	0.03
320	628.373	10	0.0333333
321	630.415	5	0.0166667
322	632.458	5	0.0166667
323	634.500	6	0.02
324	636.542	7	0.0233333
325	638.584	5	0.0166667
326	640.626	5	0.0166667
327	642.668	10	0.0333333
328	644.711	5	0.0166667
329	646.753	9	0.03
330	648.795	10	0.0333333
331	650.837	4	0.0133333
332	652.879	9	0.03
333	654.921	6	0.02
334	656.964	2	0.00666667
335	659.006	10	0.0333333
336	661.048	6	0.02
337	663.090	3	0.01
338	665.132	9	0.03
339	667.174	10	0.0333333
340	669.217	4	0.0133333
341	671.259	7	0.0233333
342	673.301	6	0.02
343	675.343	7	0.0233333
344	677.385	3	0.01
345	679.427	3	0.01
346	681.470	4	0.0133333
347	683.512	6	0.02
348	685.554	4	0.0133333
349	687.596	3	0.01
350	689.638	8	0.0266667
351	691.680	6	0.02
352	693.723	4	0.0133333
353	695.765	5	0.0166667
354	697.807	4	0.0133333
355	699.849	8	0.0266667
356	701.891	2	0.00666667
357	703.933	3	0.01
358	705.976	2	0.00666667
359	708.018	9	0.03
360	710.060	5	0.0166667
361	712.102	10	0.0333333
362	714.144	7	0.0233333
363	716.186	10	0.0333333
364	718.229	5	0.0166667
365	720.271	3	0.01
366	722.313	4	0.0133333
367	724.355	1	0.00333333
368	726.397	6	0.02
369	728.439	4	0.0133333
370	730.482	3	0.01
371	732.524	4	0.0133333
372	734.566	5	0.0166667
373	736.608	5	0.0166667
374	738.650	5	0.0166667
375	740.692	3	0.01
376	742.735	3	0.01
377	744.777	3	0.01
378	746.819	5	0.0166667
379	748.861	2	0.00666667
380	750.903	7	0.0233333
381	752.945	2	0.00666667
382	754.988	2	0.00666667
383	757.030	3	0.01
384	759.072	4	0.0133333
385	761.114	4	0.0133333
386	763.156	4	0.0133333
387	765.198	9	0.03
388	767.241	6	0.02
389	769.283	8	0.0266667
390	771.325	4	0.0133333
391	773.367	5	0.0166667
392	775.409	5	0.0166667
393	777.451	5	0.0166667
394	779.494	0	0
395	781.536	6	0.02
396	783.578	6	0.02
397	785.620	6	0.02
398	787.662	7	0.0233333
399	789.704	3	0.01
400	791.747	6	0.02
401	793.789	1	0.00333333
402	795.831	5	0.0166667
403	797.873	7	0.0233333
404	799.915	2	0.00666667
405	801.957	4	0.0133333
406	804.000	8	0.0266667
407	806.042	0	0
408	808.084	6	0.02
409	810.126	3	0.01
410	812.168	4	0.0133333
411	814.210	8	0.0266667
412	816.253	4	0.0133333
413	818.295	8	0.0266667
414	820.337	6	0.02
415	822.379	4	0.0133333
416	824.421	6	0.02
417	826.463	6	0.02
418	828.506	3	0.01
419	830.548	4	0.0133333
420	832.590	5	0.0166667
421	834.632	5	0.0166667
422	836.674	7	0.0233333
423	838.716	5	0.0166667
424	840.759	5	0.0166667
425	842.801	6	0.02
426	844.843	6	0.02
427	846.885	6	0.02
428	848.927	5	0.0166667
429	850.969	8	0.0266667
430	853.012	6	0.02
431	855.054	4	0.0133333
432	857.096	3	0.01
433	859.138	5	0.0166667
434	861.180	6	0.02
435	863.222	6	0.02
436	865.265	5	0.0166667
437	867.307	7	0.0233333
438	869.349	7	0.0233333
439	871.391	2	0.00666667
440	873.433	7	0.0233333
441	875.475	4	0.0133333
442	877.518	5	0.0166667
443	879.560	4	0.0133333
444	881.602	4	0.0133333
445	883.644	5	0.0166667
446	885.686	6	0.02
447	887.728	8	0.0266667
448	889.771	3	0.01
449	891.813	3	0.01
450	893.855	7	0.0233333
451	895.897	3	0.01
452	897.939	4	0.0133333
453	899.981	5	0.0166667
454	902.024	1	0.00333333
455	904.066	2	0.00666667
456	906.108	5	0.0166667
457	908.150	2	0.00666667
458	910.192	3	0.01
459	912.235	5	0.0166667
460	914.277	5	0.0166667
461	916.319	2	0.00666667
462	918.361	4	0.0133333
463	920.403	4	0.0133333
464	922.445	2	0.00666667
465	924.488	3	0.01
466	926.530	4	0.0133333
467	928.572	2	0.00666667
468	930.614	8	0.0266667
469	932.656	3	0.01
470	934.698	3	0.01
471	936.741	2	0.00666667
472	938.783	6	0.02
473	940.825	4	0.0133333
474	942.867	0	0
475	944.909	4	0.0133333
476	946.951	4	0.0133333
477	948.994	3	0.01
478	951.036	2	0.00666667
479	953.078	3	0.01
480	955.120	3	0.01
481	957.162	3	0.01
482	959.204	6	0.02
483	961.247	3	0.01
484	963.289	5	0.0166667
485	965.331	7	0.0233333
486	967.373	3	0.01
487	969.415	2	0.00666667
488	971.457	3	0.01
489	973.500	3	0.01
490	975.542	3	0.01
491	977.584	5	0.0166667
492	979.626	5	0.0166667
493	981.668	4	0.0133333
494	983.710	5	0.0166667
495	985.753	6	0.02
496	987.795	5	0.0166667
497	989.837	2	0.00666667
498	991.879	3	0.01
499	993.921	2	0.00666667
500	995.963	1	0.00333333
501	998.006	4	0.0133333
502	1000.048	3	0.01
503	1002.090	5	0.0166667
504	1004.132	5	0.0166667
505	1006.174	3	0.01
506	1008.216	4	0.0133333
507	1010.259	8	0.0266667
508	1012.301	6	0.02
509	1014.343	7	0.0233333
510	1016.385	6	0.02
511	1018.427	1	0.00333333
512	1020.469	5	0.0166667
513	1022.512	3	0.01
514	1024.554	1	0.00333333
515	1026.596	2	0.00666667
516	1028.638	2	0.00666667
517	1030.680	3	0.01
518	1032.722	4	0.0133333
519	1034.765	4	0.0133333
520	1036.807	1	0.00333333
521	1038.849	6	0.02
522	1040.891	4	0.0133333
523	1042.933	3	0.01
524	1044.975	5	0.0166667
525	1047.018	3	0.01
526	1049.060	4	0.0133333
527	1051.102	2	0.00666667
528	1053.144	1	0.00333333
529	1055.186	3	0.01
530	1057.228	5	0.0166667
531	1059.271	2	0.00666667
532	1061.313	2	0.00666667
533	1063.355	5	0.0166667
534	1065.397	7	0.0233333
535	1067.439	4	0.0133333
536	1069.481	4	0.0133333
537	1071.524	2	0.00666667
538	1073.566	4	0.0133333
539	1075.608	6	0.02
540	1077.650	2	0.00666667
541	1079.692	6	0.02
542	1081.734	4	0.0133333
543	1083.777	4	0.0133333
544	1085.819	3	0.01
545	1087.861	4	0.0133333
546	1089.903	4	0.0133333
547	1091.945	2	0.00666667
548	1093.987	6	0.02
549	1096.030	2	0.00666667
550	1098.072	3	0.01
551	1100.114	5	0.0166667
552	1102.156	2	0.00666667
553	1104.198	4	0.0133333
554	1106.240	5	0.0166667
555	1108.283	4	0.0133333
556	1110.325	2	0.00666667
557	1112.367	0	0
558	1114.409	3	0.01
559	1116.451	2	0.00666667
560	1118.493	3	0.01
561	1120.536	4	0.0133333
562	1122.578	3	0.01
563	1124.620	7	0.0233333
564	1126.662	5	0.0166667
565	1128.704	3	0.01
566	1130.746	2	0.00666667
567	1132.789	3	0.01
568	1134.831	4	0.0133333
569	1136.873	3	0.01
570	1138.915	3	0.01
571	1140.957	4	0.0133333
572	1142.999	3	0.01
573	1145.042	3	0.01
574	1147.084	5	0.0166667
575	1149.126	4	0.0133333
576	1151.168	2	0.00666667
577	1153.210	1	0.00333333
578	1155.252	5	0.0166667
579	1157.295	6	0.02
580	1159.337	5	0.0166667
581	1161.379	4	0.0133333
582	1163.421	3	0.01
583	1165.463	4	0.0133333
584	1167.505	5	0.0166667
585	1169.548	5	0.0166667
586	1171.590	1	0.00333333
587	1173.632	2	0.00666667
588	1175.674	4	0.0133333
589	1177.716	5	0.0166667
590	1179.758	3	0.01
591	1181.801	5	0.0166667
592	1183.843	5	0.0166667
593	1185.885	7	0.0233333
594	1187.927	4	0.0133333
595	1189.969	1	0.00333333
596	1192.011	4	0.0133333
597	1194.054	4	0.0133333
598	1196.096	3	0.01
599	1198.138	2	0.00666667
600	1200.180	2	0.00666667
601	1202.222	6	0.02
602	1204.264	2	0.00666667
603	1206.307	3	0.01
604	1208.349	2	0.00666667
605	1210.391	2	0.00666667
606	1212.433	3	0.01
607	1214.475	4	0.0133333
608	1216.517	5	0.0166667
609	1218.560	4	0.0133333
610	1220.602	2	0.00666667
611	1222.644	4	0.0133333
612	1224.686	2	0.00666667
613	1226.728	3	0.01
614	1228.770	2	0.00666667
615	1230.813	2	0.00666667
616	1232.855	3	0.01
617	1234.897	2	0.00666667
618	1236.939	1	0.00333333
619	1238.981	4	0.0133333
620	1241.023	3	0.01
621	1243.066	2	0.00666667
622	1245.108	3	0.01
623	1247.150	6	0.02
624	1249.192	0	0
625	1251.234	2	0.00666667
626	1253.276	1	0.00333333
627	1255.319	5	0.0166667
628	1257.361	1	0.00333333
629	1259.403	3	0.01
630	1261.445	1	0.00333333
631	1263.487	3	0.01
632	1265.529	1	0.00333333
633	1267.572	2	0.00666667
634	1269.614	2	0.00666667
635	1271.656	5	0.0166667
636	1273.698	4	0.0133333
637	1275.740	4	0.0133333
638	1277.782	5	0.0166667
639	1279.825	4	0.0133333
640	1281.867	5	0.0166667
641	1283.909	6	0.02
642	1285.951	4	0.0133333
643	1287.993	3	0.01
644	1290.035	5	0.0166667
645	1292.078	5	0.0166667
646	1294.120	3	0.01
647	1296.162	3	0.01
648	1298.204	3	0.01
649	1300.246	2	0.00666667
650	1302.288	5	0.0166667
651	1304.331	5	0.0166667
652	1306.373	3	0.01
653	1308.415	4	0.0133333
654	1310.457	3	0.01
655	1312.499	1	0.00333333
656	1314.541	3	0.01
657	1316.584	2	0.00666667
658	1318.626	2	0.00666667
659	1320.668	2	0.00666667
660	1322.710	3	0.01
661	1324.752	1	0.00333333
662	1326.794	2	0.00666667
663	1328.837	2	0.00666667
664	1330.879	1	0.00333333
665	1332.921	1	0.00333333
666	1334.963	4	0.0133333
667	1337.005	0	0
668	1339.047	4	0.0133333
669	1341.090	1	0.00333333
670	1343.132	2	0.00666667
671	1345.174	2	0.00666667
672	1347.216	0	0
673	1349.258	2	0.00666667
674	1351.300	1	0.00333333
675	1353.343	4	0.0133333
676	1355.385	1	0.00333333
677	1357.427	1	0.00333333
678	1359.469	1	0.00333333
679	1361.511	1	0.00333333
680	1363.554	0	0
681	1365.596	1	0.00333333
682	1367.638	0	0
683	1369.680	0	0
684	1371.722	1	0.00333333
685	1373.764	1	0.00333333
686	1375.807	3	0.01
687	1377.849	1	0.00333333
688	1379.891	1	0.00333333
689	1381.933	4	0.0133333
690	1383.975	2	0.00666667
691	1386.017	1	0.00333333
692	1388.060	0	0
693	1390.102	2	0.00666667
694	1392.144	6	0.02
695	1394.186	5	0.0166667
696	1396.228	5	0.0166667
697	1398.270	0	0
698	1400.313	2	0.00666667
699	1402.355	2	0.00666667
700	1404.397	2	0.00666667
701	1406.439	0	0
702	1408.481	2	0.00666667
703	1410.523	2	0.00666667
704	1412.566	2	0.00666667
705	1414.608	1	0.00333333
706	1416.650	4	0.0133333
707	1418.692	1	0.00333333
708	1420.734	1	0.00333333
709	1422.776	3	0.01
710	1424.819	1	0.00333333
711	1426.861	4	0.0133333
712	1428.903	1	0.00333333
713	1430.945	4	0.0133333
714	1432.987	5	0.0166667
715	1435.029	2	0.00666667
716	1437.072	3	0.01
717	1439.114	4	0.0133333
718	1441.156	1	0.00333333
719	1443.198	1	0.00333333
720	1445.240	2	0.00666667
721	1447.282	1	0.00333333
722	1449.325	4	0.0133333
723	1451.367	1	0.00333333
724	1453.409	4	0.0133333
725	1455.451	6	0.02
726	1457.493	3	0.01
727	1459.535	5	0.0166667
728	1461.578	3	0.01
729	1463.620	2	0.00666667
730	1465.662	2	0.00666667
731	1467.704	1	0.00333333
732	1469.746	0	0
733	1471.788	1	0.00333333
734	1473.831	5	0.0166667
735	1475.873	0	0
736	1477.915	3	0.01
737	1479.957	2	0.00666667
738	1481.999	2	0.00666667
739	1484.041	2	0.00666667
740	1486.084	2	0.00666667
741	1488.126	4	0.0133333
742	1490.168	2	0.00666667
743	1492.210	1	0.00333333
744	1494.252	1	0.00333333
745	1496.294	0	0
746	1498.337	3	0.01
747	1500.379	0	0
748	1502.421	1	0.00333333
749	1504.463	1	0.00333333
750	1506.505	3	0.01
751	1508.547	2	0.00666667
752	1510.590	1	0.00333333
753	1512.632	3	0.01
754	1514.674	3	0.01
755	1516.716	1	0.00333333
756	1518.758	2	0.00666667
757	1520.800	3	0.01
758	1522.843	1	0.00333333
759	1524.885	3	0.01
760	1526.927	2	0.00666667
761	1528.969	1	0.00333333
762	1531.011	3	0.01
763	1533.053	1	0.00333333
764	1535.096	4	0.0133333
765	1537.138	2	0.00666667
766	1539.180	2	0.00666667
767	1541.222	4	0.0133333
768	1543.264	2	0.00666667
769	1545.306	1	0.00333333
770	1547.349	1	0.00333333
771	1549.391	2	0.00666667
772	1551.433	0	0
773	1553.475	4	0.0133333
774	1555.517	1	0.00333333
775	1557.559	2	0.00666667
776	1559.602	4	0.0133333
777	1561.644	0	0
778	1563.686	4	0.0133333
779	1565.728	1	0.00333333
780	1567.770	2	0.00666667
781	1569.812	0	0
782	1571.855	1	0.00333333
783	1573.897	2	0.00666667
784	1575.939	1	0.00333333
785	1577.981	1	0.00333333
786	1580.023	1	0.00333333
787	1582.065	2	0.00666667
788	1584.108	2	0.00666667
789	1586.150	1	0.00333333
790	1588.192	0	0
791	1590.234	1	0.00333333
792	1592.276	2	0.00666667
793	1594.318	1	0.00333333
794	1596.361	1	0.00333333
795	1598.403	1	0.00333333
796	1600.445	1	0.00333333
797	1602.487	6	0.02
798	1604.529	0	0
799	1606.571	2	0.00666667
800	1608.614	0	0
801	1610.656	1	0.00333333
802	1612.698	0	0
803	1614.740	0	0
804	1616.782	2	0.00666667
805	1618.824	5	0.0166667
806	1620.867	1	0.00333333
807	1622.909	3	0.01
808	1624.951	3	0.01
809	1626.993	1	0.00333333
810	1629.035	1	0.00333333
811	1631.077	0	0
812	1633.120	3	0.01
813	1635.162	2	0.00666667
814	1637.204	3	0.01
815	1639.246	1	0.00333333
816	1641.288	4	0.0133333
817	1643.330	1	0.00333333
818	1645.373	2	0.00666667
819	1647.415	1	0.00333333
820	1649.457	0	0
821	1651.499	0	0
822	1653.541	0	0
823	1655.583	2	0.00666667
824	1657.626	0	0
825	1659.668	1	0.00333333
826	1661.710	1	0.00333333
827	1663.752	0	0
828	1665.794	1	0.00333333
829	1667.836	0	0
830	1669.879	2	0.00666667
831	1671.921	0	0
832	1673.963	2	0.00666667
833	1676.005	1	0.00333333
834	1678.047	2	0.00666667
835	1680.089	1	0.00333333
836	1682.132	2	0.00666667
837	1684.174	4	0.0133333
838	1686.216	1	0.00333333
839	1688.258	0	0
840	1690.300	3	0.01
841	1692.342	1	0.00333333
842	1694.385	3	0.01
843	1696.427	1	0.00333333
844	1698.469	1	0.00333333
845	1700.511	0	0
846	1702.553	3	0.01
847	1704.595	1	0.00333333
848	1706.638	0	0
849	1708.680	1	0.00333333
850	1710.722	0	0
851	1712.764	1	0.00333333
852	1714.806	2	0.00666667
853	1716.848	0	0
854	1718.891	1	0.00333333
855	1720.933	0	0
856	1722.975	2	0.00666667
857	1725.017	1	0.00333333
858	1727.059	1	0.00333333
859	1729.101	1	0.00333333
860	1731.144	1	0.00333333
861	1733.186	2	0.00666667
862	1735.228	0	0
863	1737.270	2	0.00666667
864	1739.312	4	0.0133333
865	1741.354	0	0
866	1743.397	0	0
867	1745.439	1	0.00333333
868	1747.481	1	0.00333333
869	1749.523	2	0.00666667
870	1751.565	3	0.01
871	1753.607	1	0.00333333
872	1755.650	0	0
873	1757.692	1	0.00333333
874	1759.734	1	0.00333333
875	1761.776	1	0.00333333
876	1763.818	2	0.00666667
877	1765.860	2	0.00666667
878	1767.903	1	0.00333333
879	1769.945	2	0.00666667
880	1771.987	1	0.00333333
881	1774.029	1	0.00333333
882	1776.071	0	0
883	1778.113	0	0
884	1780.156	3	0.01
885	1782.198	1	0.00333333
886	1784.240	1	0.00333333
887	1786.282	4	0.0133333
888	1788.324	0	0
889	1790.366	1	0.00333333
890	1792.409	3	0.01
891	1794.451	1	0.00333333
892	1796.493	1	0.00333333
893	1798.535	2	0.00666667
894	1800.577	2	0.00666667
895	1802.619	3	0.01
896	1804.662	1	0.00333333
897	1806.704	1	0.00333333
898	1808.746	0	0
899	1810.788	3	0.01
900	1812.830	4	0.0133333
901	1814.873	2	0.00666667
902	1816.915	0	0
903	1818.957	0	0
904	1820.999	1	0.00333333
905	1823.041	0	0
906	1825.083	4	0.0133333
907	1827.126	0	0
908	1829.168	3	0.01
909	1831.210	4	0.0133333
910	1833.252	3	0.01
911	1835.294	1	0.00333333
912	1837.336	6	0.02
913	1839.379	1	0.00333333
914	1841.421	2	0.00666667
915	1843.463	7	0.0233333
916	1845.505	3	0.01
917	1847.547	0	0
918	1849.589	1	0.00333333
919	1851.632	3	0.01
920	1853.674	3	0.01
921	1855.716	2	0.00666667
922	1857.758	3	0.01
923	1859.800	4	0.0133333
924	1861.842	2	0.00666667
925	1863.885	4	0.0133333
926	1865.927	2	0.00666667
927	1867.969	3	0.01
928	1870.011	3	0.01
929	1872.053	2	0.00666667
930	1874.095	3	0.01
931	1876.138	4	0.0133333
932	1878.180	0	0
933	1880.222	1	0.00333333
934	1882.264	1	0.00333333
935	1884.306	1	0.00333333
936	1886.348	1	0.00333333
937	1888.391	2	0.00666667
938	1890.433	1	0.00333333
939	1892.475	0	0
940	1894.517	1	0.00333333
941	1896.559	2	0.00666667
942	1898.601	2	0.00666667
943	1900.644	7	0.0233333
944	1902.686	0	0
945	1904.728	1	0.00333333
946	1906.770	2	0.00666667
947	1908.812	1	0.00333333
948	1910.854	0	0
949	1912.897	1	0.00333333
950	1914.939	0	0
951	1916.981	1	0.00333333
952	1919.023	0	0
953	1921.065	1	0.00333333
954	1923.107	0	0
955	1925.150	0	0
956	1927.192	2	0.00666667
957	1929.234	2	0.00666667
958	1931.276	1	0.00333333
959	1933.318	1	0.00333333
960	1935.360	1	0.00333333
961	1937.403	1	0.00333333
962	1939.445	1	0.00333333
963	1941.487	0	0
964	1943.529	0	0
965	1945.571	1	0.00333333
966	1947.613	1	0.00333333
967	1949.656	0	0
968	1951.698	1	0.00333333
969	1953.740	1	0.00333333
970	1955.782	0	0
971	1957.824	2	0.00666667
972	1959.866	1	0.00333333
973	1961.909	0	0
974	1963.951	0	0
975	1965.993	0	0
976	1968.035	0	0
977	1970.077	2	0.00666667
978	1972.119	1	0.00333333
979	1974.162	0	0
980	1976.204	1	0.00333333
981	1978.246	0	0
982	1980.288	1	0.00333333
983	1982.330	0	0
984	1984.372	1	0.00333333
985	1986.415	0	0
986	1988.457	1	0.00333333
987	1990.499	3	0.01
988	1992.541	0	0
989	1994.583	0	0
990	1996.625	0	0
991	1998.668	0	0
992	2000.710	0	0
993	2002.752	2	0.00666667
994	2004.794	1	0.00333333
995	2006.836	0	0
996	2008.878	1	0.00333333
997	2010.921	0	0
998	2012.963	1	0.00333333
999	2015.005	0	0
1000	2017.047	0	0
1001	2019.089	1	0.00333333
1002	2021.131	0	0
1003	2023.174	1	0.00333333
1004	2025.216	0	0
1005	2027.258	1	0.00333333
1006	2029.300	0	0
1007	2031.342	1	0.00333333
1008	2033.384	0	0
1009	2035.427	0	0
1010	2037.469	0	0
1011	2039.511	3	0.01
1012	2041.553	0	0
1013	2043.595	1	0.00333333
1014	2045.637	0	0
1015	2047.680	0	0
1016	2049.722	0	0
1017	2051.764	0	0
1018	2053.806	0	0
1019	2055.848	1	0.00333333
1020	2057.890	1	0.00333333
1021	2059.933	0	0
1022	2061.975	1	0.00333333
1023	2064.017	1	0.00333333
1024	2066.059	0	0
