#
# Sample name: Sample title.                                                   
# Sample id:   
# Sample type: 
# User name:   
# Sample description: 
#
# Start time:    2020-02-07, 13:22:19
# Real time (s): 535.334
# Live time (s): 300.000
#
# Total counts:  37052941
#
# Left marker:  237 (458.873 keV)
# Right marker: 274 (534.434 keV)
# Counts:  34545
#
# Energy calibration coefficients ( E = sum(Ai * n**i) )
#     A0: -25.120346
#     A1: 2.042167
#     A2: 0.000000
#     A3: 0.000000
# Energy unit: keV
#
# Channel data
# n	energy	counts	rate
#-----------------------------------------------------------------------
1	-23.078	841	2.80333
2	-21.036	1643	5.47667
3	-18.994	1670757	5569.19
4	-16.952	26257609	87525.4
5	-14.910	7409088	24697
6	-12.867	142100	473.667
7	-10.825	2942	9.80667
8	-8.783	2662	8.87333
9	-6.741	2593	8.64333
10	-4.699	2597	8.65667
11	-2.657	2642	8.80667
12	-0.614	2643	8.81
13	1.428	2698	8.99333
14	3.470	2725	9.08333
15	5.512	2694	8.98
16	7.554	2651	8.83667
17	9.597	2713	9.04333
18	11.639	2820	9.4
19	13.681	2732	9.10667
20	15.723	2659	8.86333
21	17.765	2785	9.28333
22	19.807	2804	9.34667
23	21.850	2760	9.2
24	23.892	2923	9.74333
25	25.934	2767	9.22333
26	27.976	2871	9.57
27	30.018	2814	9.38
28	32.060	2878	9.59333
29	34.103	2692	8.97333
30	36.145	2741	9.13667
31	38.187	2819	9.39667
32	40.229	2721	9.07
33	42.271	2709	9.03
34	44.313	2766	9.22
35	46.356	2758	9.19333
36	48.398	2774	9.24667
37	50.440	2719	9.06333
38	52.482	2768	9.22667
39	54.524	2790	9.3
40	56.566	2684	8.94667
41	58.609	2737	9.12333
42	60.651	2670	8.9
43	62.693	2792	9.30667
44	64.735	2624	8.74667
45	66.777	2647	8.82333
46	68.819	2670	8.9
47	70.862	2750	9.16667
48	72.904	2759	9.19667
49	74.946	2841	9.47
50	76.988	2871	9.57
51	79.030	3038	10.1267
52	81.072	3060	10.2
53	83.115	3123	10.41
54	85.157	3153	10.51
55	87.199	3278	10.9267
56	89.241	3254	10.8467
57	91.283	3118	10.3933
58	93.325	3133	10.4433
59	95.368	3027	10.09
60	97.410	2988	9.96
61	99.452	2944	9.81333
62	101.494	2882	9.60667
63	103.536	2831	9.43667
64	105.578	2762	9.20667
65	107.621	2653	8.84333
66	109.663	2656	8.85333
67	111.705	2585	8.61667
68	113.747	2582	8.60667
69	115.789	2574	8.58
70	117.831	2628	8.76
71	119.874	2620	8.73333
72	121.916	2600	8.66667
73	123.958	2587	8.62333
74	126.000	2516	8.38667
75	128.042	2567	8.55667
76	130.084	2603	8.67667
77	132.127	2612	8.70667
78	134.169	2508	8.36
79	136.211	2533	8.44333
80	138.253	2641	8.80333
81	140.295	2492	8.30667
82	142.337	2653	8.84333
83	144.380	2589	8.63
84	146.422	2634	8.78
85	148.464	2572	8.57333
86	150.506	2610	8.7
87	152.548	2557	8.52333
88	154.590	2471	8.23667
89	156.633	2589	8.63
90	158.675	2598	8.66
91	160.717	2544	8.48
92	162.759	2647	8.82333
93	164.801	2594	8.64667
94	166.843	2521	8.40333
95	168.886	2504	8.34667
96	170.928	2660	8.86667
97	172.970	2646	8.82
98	175.012	2549	8.49667
99	177.054	2507	8.35667
100	179.096	2601	8.67
101	181.139	2595	8.65
102	183.181	2642	8.80667
103	185.223	2586	8.62
104	187.265	2574	8.58
105	189.307	2663	8.87667
106	191.349	2730	9.1
107	193.392	2643	8.81
108	195.434	2600	8.66667
109	197.476	2766	9.22
110	199.518	2668	8.89333
111	201.560	2765	9.21667
112	203.602	2976	9.92
113	205.645	3008	10.0267
114	207.687	2932	9.77333
115	209.729	3156	10.52
116	211.771	3097	10.3233
117	213.813	3186	10.62
118	215.855	3291	10.97
119	217.898	3292	10.9733
120	219.940	3352	11.1733
121	221.982	3326	11.0867
122	224.024	3382	11.2733
123	226.066	3434	11.4467
124	228.108	3462	11.54
125	230.151	3408	11.36
126	232.193	3490	11.6333
127	234.235	3370	11.2333
128	236.277	3283	10.9433
129	238.319	3255	10.85
130	240.361	3261	10.87
131	242.404	3303	11.01
132	244.446	3240	10.8
133	246.488	3242	10.8067
134	248.530	3185	10.6167
135	250.572	3128	10.4267
136	252.614	3228	10.76
137	254.657	3167	10.5567
138	256.699	3151	10.5033
139	258.741	2989	9.96333
140	260.783	3105	10.35
141	262.825	3111	10.37
142	264.867	3098	10.3267
143	266.910	3026	10.0867
144	268.952	3117	10.39
145	270.994	3009	10.03
146	273.036	3034	10.1133
147	275.078	3100	10.3333
148	277.120	2920	9.73333
149	279.163	3072	10.24
150	281.205	3018	10.06
151	283.247	3029	10.0967
152	285.289	2960	9.86667
153	287.331	2907	9.69
154	289.373	2913	9.71
155	291.416	2874	9.58
156	293.458	2859	9.53
157	295.500	2851	9.50333
158	297.542	2961	9.87
159	299.584	2870	9.56667
160	301.626	2911	9.70333
161	303.669	2854	9.51333
162	305.711	2744	9.14667
163	307.753	2839	9.46333
164	309.795	2806	9.35333
165	311.837	2845	9.48333
166	313.879	2716	9.05333
167	315.922	2706	9.02
168	317.964	2814	9.38
169	320.006	2825	9.41667
170	322.048	2723	9.07667
171	324.090	2655	8.85
172	326.132	2781	9.27
173	328.175	2740	9.13333
174	330.217	2705	9.01667
175	332.259	2742	9.14
176	334.301	2789	9.29667
177	336.343	2683	8.94333
178	338.385	2618	8.72667
179	340.428	2570	8.56667
180	342.470	2637	8.79
181	344.512	2561	8.53667
182	346.554	2699	8.99667
183	348.596	2676	8.92
184	350.638	2693	8.97667
185	352.681	2561	8.53667
186	354.723	2643	8.81
187	356.765	2729	9.09667
188	358.807	2589	8.63
189	360.849	2705	9.01667
190	362.891	2624	8.74667
191	364.934	2696	8.98667
192	366.976	2653	8.84333
193	369.018	2651	8.83667
194	371.060	2734	9.11333
195	373.102	2650	8.83333
196	375.144	2660	8.86667
197	377.187	2793	9.31
198	379.229	2705	9.01667
199	381.271	2687	8.95667
200	383.313	2775	9.25
201	385.355	2679	8.93
202	387.397	2679	8.93
203	389.440	2679	8.93
204	391.482	2714	9.04667
205	393.524	2650	8.83333
206	395.566	2715	9.05
207	397.608	2661	8.87
208	399.650	2535	8.45
209	401.693	2597	8.65667
210	403.735	2441	8.13667
211	405.777	2481	8.27
212	407.819	2362	7.87333
213	409.861	2356	7.85333
214	411.903	2354	7.84667
215	413.946	2153	7.17667
216	415.988	2055	6.85
217	418.030	2049	6.83
218	420.072	1907	6.35667
219	422.114	1826	6.08667
220	424.156	1831	6.10333
221	426.199	1700	5.66667
222	428.241	1639	5.46333
223	430.283	1599	5.33
224	432.325	1523	5.07667
225	434.367	1472	4.90667
226	436.409	1514	5.04667
227	438.452	1390	4.63333
228	440.494	1416	4.72
229	442.536	1377	4.59
230	444.578	1367	4.55667
231	446.620	1314	4.38
232	448.662	1230	4.1
233	450.705	1219	4.06333
234	452.747	1126	3.75333
235	454.789	1158	3.86
236	456.831	1205	4.01667
237	458.873	1143	3.81
238	460.916	1114	3.71333
239	462.958	1150	3.83333
240	465.000	1135	3.78333
241	467.042	1071	3.57
242	469.084	1014	3.38
243	471.126	1073	3.57667
244	473.169	1051	3.50333
245	475.211	1029	3.43
246	477.253	1013	3.37667
247	479.295	1024	3.41333
248	481.337	966	3.22
249	483.379	1016	3.38667
250	485.422	898	2.99333
251	487.464	988	3.29333
252	489.506	915	3.05
253	491.548	917	3.05667
254	493.590	917	3.05667
255	495.632	940	3.13333
256	497.675	892	2.97333
257	499.717	930	3.1
258	501.759	867	2.89
259	503.801	877	2.92333
260	505.843	872	2.90667
261	507.885	853	2.84333
262	509.928	900	3
263	511.970	855	2.85
264	514.012	861	2.87
265	516.054	843	2.81
266	518.096	834	2.78
267	520.138	827	2.75667
268	522.181	833	2.77667
269	524.223	830	2.76667
270	526.265	842	2.80667
271	528.307	832	2.77333
272	530.349	890	2.96667
273	532.391	848	2.82667
274	534.434	828	2.76
275	536.476	802	2.67333
276	538.518	878	2.92667
277	540.560	866	2.88667
278	542.602	870	2.9
279	544.644	803	2.67667
280	546.687	810	2.7
281	548.729	801	2.67
282	550.771	823	2.74333
283	552.813	863	2.87667
284	554.855	843	2.81
285	556.897	846	2.82
286	558.940	794	2.64667
287	560.982	840	2.8
288	563.024	897	2.99
289	565.066	818	2.72667
290	567.108	835	2.78333
291	569.150	865	2.88333
292	571.193	880	2.93333
293	573.235	853	2.84333
294	575.277	921	3.07
295	577.319	869	2.89667
296	579.361	932	3.10667
297	581.403	993	3.31
298	583.446	966	3.22
299	585.488	980	3.26667
300	587.530	1058	3.52667
301	589.572	1066	3.55333
302	591.614	1136	3.78667
303	593.656	1275	4.25
304	595.699	1322	4.40667
305	597.741	1507	5.02333
306	599.783	1670	5.56667
307	601.825	1864	6.21333
308	603.867	2092	6.97333
309	605.909	2576	8.58667
310	607.952	2918	9.72667
311	609.994	3362	11.2067
312	612.036	3899	12.9967
313	614.078	4459	14.8633
314	616.120	5219	17.3967
315	618.162	5808	19.36
316	620.205	6706	22.3533
317	622.247	7689	25.63
318	624.289	8391	27.97
319	626.331	9402	31.34
320	628.373	10675	35.5833
321	630.415	11665	38.8833
322	632.458	12811	42.7033
323	634.500	14021	46.7367
324	636.542	14964	49.88
325	638.584	15948	53.16
326	640.626	17268	57.56
327	642.668	17801	59.3367
328	644.711	19059	63.53
329	646.753	19556	65.1867
330	648.795	19697	65.6567
331	650.837	20288	67.6267
332	652.879	20043	66.81
333	654.921	20318	67.7267
334	656.964	20181	67.27
335	659.006	19674	65.58
336	661.048	18940	63.1333
337	663.090	18340	61.1333
338	665.132	17621	58.7367
339	667.174	16606	55.3533
340	669.217	15315	51.05
341	671.259	14404	48.0133
342	673.301	13289	44.2967
343	675.343	11902	39.6733
344	677.385	10662	35.54
345	679.427	9529	31.7633
346	681.470	8322	27.74
347	683.512	7270	24.2333
348	685.554	6286	20.9533
349	687.596	5460	18.2
350	689.638	4633	15.4433
351	691.680	3908	13.0267
352	693.723	3210	10.7
353	695.765	2764	9.21333
354	697.807	2426	8.08667
355	699.849	2021	6.73667
356	701.891	1675	5.58333
357	703.933	1379	4.59667
358	705.976	1234	4.11333
359	708.018	1070	3.56667
360	710.060	965	3.21667
361	712.102	794	2.64667
362	714.144	775	2.58333
363	716.186	677	2.25667
364	718.229	727	2.42333
365	720.271	687	2.29
366	722.313	622	2.07333
367	724.355	643	2.14333
368	726.397	626	2.08667
369	728.439	594	1.98
370	730.482	598	1.99333
371	732.524	653	2.17667
372	734.566	573	1.91
373	736.608	616	2.05333
374	738.650	595	1.98333
375	740.692	578	1.92667
376	742.735	589	1.96333
377	744.777	635	2.11667
378	746.819	621	2.07
379	748.861	585	1.95
380	750.903	657	2.19
381	752.945	592	1.97333
382	754.988	596	1.98667
383	757.030	636	2.12
384	759.072	600	2
385	761.114	632	2.10667
386	763.156	643	2.14333
387	765.198	593	1.97667
388	767.241	592	1.97333
389	769.283	604	2.01333
390	771.325	611	2.03667
391	773.367	592	1.97333
392	775.409	580	1.93333
393	777.451	579	1.93
394	779.494	597	1.99
395	781.536	609	2.03
396	783.578	591	1.97
397	785.620	573	1.91
398	787.662	560	1.86667
399	789.704	591	1.97
400	791.747	551	1.83667
401	793.789	568	1.89333
402	795.831	581	1.93667
403	797.873	552	1.84
404	799.915	559	1.86333
405	801.957	539	1.79667
406	804.000	547	1.82333
407	806.042	538	1.79333
408	808.084	586	1.95333
409	810.126	526	1.75333
410	812.168	547	1.82333
411	814.210	559	1.86333
412	816.253	576	1.92
413	818.295	571	1.90333
414	820.337	527	1.75667
415	822.379	599	1.99667
416	824.421	570	1.9
417	826.463	555	1.85
418	828.506	559	1.86333
419	830.548	533	1.77667
420	832.590	554	1.84667
421	834.632	587	1.95667
422	836.674	551	1.83667
423	838.716	559	1.86333
424	840.759	540	1.8
425	842.801	554	1.84667
426	844.843	584	1.94667
427	846.885	594	1.98
428	848.927	605	2.01667
429	850.969	564	1.88
430	853.012	591	1.97
431	855.054	578	1.92667
432	857.096	568	1.89333
433	859.138	550	1.83333
434	861.180	561	1.87
435	863.222	546	1.82
436	865.265	615	2.05
437	867.307	584	1.94667
438	869.349	613	2.04333
439	871.391	626	2.08667
440	873.433	597	1.99
441	875.475	633	2.11
442	877.518	595	1.98333
443	879.560	646	2.15333
444	881.602	626	2.08667
445	883.644	586	1.95333
446	885.686	606	2.02
447	887.728	622	2.07333
448	889.771	610	2.03333
449	891.813	658	2.19333
450	893.855	657	2.19
451	895.897	614	2.04667
452	897.939	630	2.1
453	899.981	666	2.22
454	902.024	644	2.14667
455	904.066	697	2.32333
456	906.108	641	2.13667
457	908.150	656	2.18667
458	910.192	625	2.08333
459	912.235	629	2.09667
460	914.277	642	2.14
461	916.319	623	2.07667
462	918.361	647	2.15667
463	920.403	655	2.18333
464	922.445	627	2.09
465	924.488	598	1.99333
466	926.530	622	2.07333
467	928.572	677	2.25667
468	930.614	639	2.13
469	932.656	632	2.10667
470	934.698	627	2.09
471	936.741	659	2.19667
472	938.783	647	2.15667
473	940.825	679	2.26333
474	942.867	612	2.04
475	944.909	637	2.12333
476	946.951	595	1.98333
477	948.994	641	2.13667
478	951.036	648	2.16
479	953.078	655	2.18333
480	955.120	625	2.08333
481	957.162	666	2.22
482	959.204	635	2.11667
483	961.247	600	2
484	963.289	610	2.03333
485	965.331	642	2.14
486	967.373	609	2.03
487	969.415	626	2.08667
488	971.457	600	2
489	973.500	613	2.04333
490	975.542	623	2.07667
491	977.584	655	2.18333
492	979.626	632	2.10667
493	981.668	606	2.02
494	983.710	643	2.14333
495	985.753	577	1.92333
496	987.795	624	2.08
497	989.837	621	2.07
498	991.879	639	2.13
499	993.921	633	2.11
500	995.963	623	2.07667
501	998.006	636	2.12
502	1000.048	654	2.18
503	1002.090	564	1.88
504	1004.132	610	2.03333
505	1006.174	651	2.17
506	1008.216	619	2.06333
507	1010.259	576	1.92
508	1012.301	569	1.89667
509	1014.343	596	1.98667
510	1016.385	573	1.91
511	1018.427	617	2.05667
512	1020.469	585	1.95
513	1022.512	616	2.05333
514	1024.554	562	1.87333
515	1026.596	569	1.89667
516	1028.638	618	2.06
517	1030.680	594	1.98
518	1032.722	633	2.11
519	1034.765	641	2.13667
520	1036.807	590	1.96667
521	1038.849	601	2.00333
522	1040.891	599	1.99667
523	1042.933	595	1.98333
524	1044.975	547	1.82333
525	1047.018	555	1.85
526	1049.060	597	1.99
527	1051.102	593	1.97667
528	1053.144	572	1.90667
529	1055.186	559	1.86333
530	1057.228	603	2.01
531	1059.271	599	1.99667
532	1061.313	574	1.91333
533	1063.355	604	2.01333
534	1065.397	574	1.91333
535	1067.439	580	1.93333
536	1069.481	599	1.99667
537	1071.524	533	1.77667
538	1073.566	572	1.90667
539	1075.608	627	2.09
540	1077.650	599	1.99667
541	1079.692	606	2.02
542	1081.734	569	1.89667
543	1083.777	582	1.94
544	1085.819	592	1.97333
545	1087.861	597	1.99
546	1089.903	591	1.97
547	1091.945	561	1.87
548	1093.987	622	2.07333
549	1096.030	582	1.94
550	1098.072	574	1.91333
551	1100.114	573	1.91
552	1102.156	580	1.93333
553	1104.198	592	1.97333
554	1106.240	597	1.99
555	1108.283	569	1.89667
556	1110.325	578	1.92667
557	1112.367	610	2.03333
558	1114.409	587	1.95667
559	1116.451	554	1.84667
560	1118.493	553	1.84333
561	1120.536	575	1.91667
562	1122.578	596	1.98667
563	1124.620	586	1.95333
564	1126.662	595	1.98333
565	1128.704	564	1.88
566	1130.746	582	1.94
567	1132.789	568	1.89333
568	1134.831	603	2.01
569	1136.873	597	1.99
570	1138.915	568	1.89333
571	1140.957	601	2.00333
572	1142.999	556	1.85333
573	1145.042	554	1.84667
574	1147.084	637	2.12333
575	1149.126	590	1.96667
576	1151.168	583	1.94333
577	1153.210	590	1.96667
578	1155.252	575	1.91667
579	1157.295	606	2.02
580	1159.337	617	2.05667
581	1161.379	585	1.95
582	1163.421	589	1.96333
583	1165.463	568	1.89333
584	1167.505	574	1.91333
585	1169.548	585	1.95
586	1171.590	605	2.01667
587	1173.632	580	1.93333
588	1175.674	602	2.00667
589	1177.716	610	2.03333
590	1179.758	583	1.94333
591	1181.801	597	1.99
592	1183.843	592	1.97333
593	1185.885	565	1.88333
594	1187.927	587	1.95667
595	1189.969	653	2.17667
596	1192.011	650	2.16667
597	1194.054	598	1.99333
598	1196.096	613	2.04333
599	1198.138	596	1.98667
600	1200.180	613	2.04333
601	1202.222	588	1.96
602	1204.264	599	1.99667
603	1206.307	637	2.12333
604	1208.349	636	2.12
605	1210.391	602	2.00667
606	1212.433	625	2.08333
607	1214.475	608	2.02667
608	1216.517	619	2.06333
609	1218.560	624	2.08
610	1220.602	618	2.06
611	1222.644	677	2.25667
612	1224.686	615	2.05
613	1226.728	644	2.14667
614	1228.770	671	2.23667
615	1230.813	642	2.14
616	1232.855	604	2.01333
617	1234.897	621	2.07
618	1236.939	621	2.07
619	1238.981	666	2.22
620	1241.023	575	1.91667
621	1243.066	632	2.10667
622	1245.108	625	2.08333
623	1247.150	602	2.00667
624	1249.192	637	2.12333
625	1251.234	668	2.22667
626	1253.276	630	2.1
627	1255.319	626	2.08667
628	1257.361	638	2.12667
629	1259.403	617	2.05667
630	1261.445	648	2.16
631	1263.487	642	2.14
632	1265.529	665	2.21667
633	1267.572	658	2.19333
634	1269.614	626	2.08667
635	1271.656	660	2.2
636	1273.698	621	2.07
637	1275.740	610	2.03333
638	1277.782	620	2.06667
639	1279.825	635	2.11667
640	1281.867	623	2.07667
641	1283.909	662	2.20667
642	1285.951	644	2.14667
643	1287.993	622	2.07333
644	1290.035	625	2.08333
645	1292.078	615	2.05
646	1294.120	571	1.90333
647	1296.162	575	1.91667
648	1298.204	597	1.99
649	1300.246	567	1.89
650	1302.288	547	1.82333
651	1304.331	535	1.78333
652	1306.373	517	1.72333
653	1308.415	525	1.75
654	1310.457	582	1.94
655	1312.499	576	1.92
656	1314.541	566	1.88667
657	1316.584	543	1.81
658	1318.626	534	1.78
659	1320.668	495	1.65
660	1322.710	563	1.87667
661	1324.752	522	1.74
662	1326.794	507	1.69
663	1328.837	500	1.66667
664	1330.879	491	1.63667
665	1332.921	461	1.53667
666	1334.963	461	1.53667
667	1337.005	450	1.5
668	1339.047	429	1.43
669	1341.090	446	1.48667
670	1343.132	433	1.44333
671	1345.174	416	1.38667
672	1347.216	441	1.47
673	1349.258	422	1.40667
674	1351.300	416	1.38667
675	1353.343	423	1.41
676	1355.385	424	1.41333
677	1357.427	365	1.21667
678	1359.469	430	1.43333
679	1361.511	373	1.24333
680	1363.554	339	1.13
681	1365.596	380	1.26667
682	1367.638	388	1.29333
683	1369.680	367	1.22333
684	1371.722	382	1.27333
685	1373.764	376	1.25333
686	1375.807	377	1.25667
687	1377.849	347	1.15667
688	1379.891	358	1.19333
689	1381.933	353	1.17667
690	1383.975	342	1.14
691	1386.017	339	1.13
692	1388.060	341	1.13667
693	1390.102	367	1.22333
694	1392.144	313	1.04333
695	1394.186	350	1.16667
696	1396.228	340	1.13333
697	1398.270	287	0.956667
698	1400.313	299	0.996667
699	1402.355	308	1.02667
700	1404.397	324	1.08
701	1406.439	346	1.15333
702	1408.481	305	1.01667
703	1410.523	309	1.03
704	1412.566	309	1.03
705	1414.608	287	0.956667
706	1416.650	289	0.963333
707	1418.692	305	1.01667
708	1420.734	312	1.04
709	1422.776	286	0.953333
710	1424.819	316	1.05333
711	1426.861	328	1.09333
712	1428.903	317	1.05667
713	1430.945	265	0.883333
714	1432.987	294	0.98
715	1435.029	285	0.95
716	1437.072	294	0.98
717	1439.114	308	1.02667
718	1441.156	293	0.976667
719	1443.198	268	0.893333
720	1445.240	267	0.89
721	1447.282	293	0.976667
722	1449.325	292	0.973333
723	1451.367	263	0.876667
724	1453.409	274	0.913333
725	1455.451	263	0.876667
726	1457.493	236	0.786667
727	1459.535	288	0.96
728	1461.578	283	0.943333
729	1463.620	264	0.88
730	1465.662	268	0.893333
731	1467.704	272	0.906667
732	1469.746	260	0.866667
733	1471.788	255	0.85
734	1473.831	237	0.79
735	1475.873	282	0.94
736	1477.915	249	0.83
737	1479.957	262	0.873333
738	1481.999	261	0.87
739	1484.041	256	0.853333
740	1486.084	251	0.836667
741	1488.126	237	0.79
742	1490.168	222	0.74
743	1492.210	273	0.91
744	1494.252	246	0.82
745	1496.294	273	0.91
746	1498.337	252	0.84
747	1500.379	288	0.96
748	1502.421	268	0.893333
749	1504.463	281	0.936667
750	1506.505	263	0.876667
751	1508.547	260	0.866667
752	1510.590	265	0.883333
753	1512.632	266	0.886667
754	1514.674	311	1.03667
755	1516.716	296	0.986667
756	1518.758	293	0.976667
757	1520.800	288	0.96
758	1522.843	318	1.06
759	1524.885	268	0.893333
760	1526.927	292	0.973333
761	1528.969	280	0.933333
762	1531.011	331	1.10333
763	1533.053	321	1.07
764	1535.096	339	1.13
765	1537.138	336	1.12
766	1539.180	387	1.29
767	1541.222	388	1.29333
768	1543.264	417	1.39
769	1545.306	449	1.49667
770	1547.349	444	1.48
771	1549.391	437	1.45667
772	1551.433	505	1.68333
773	1553.475	540	1.8
774	1555.517	559	1.86333
775	1557.559	599	1.99667
776	1559.602	651	2.17
777	1561.644	677	2.25667
778	1563.686	693	2.31
779	1565.728	769	2.56333
780	1567.770	744	2.48
781	1569.812	825	2.75
782	1571.855	921	3.07
783	1573.897	995	3.31667
784	1575.939	1026	3.42
785	1577.981	1089	3.63
786	1580.023	1144	3.81333
787	1582.065	1229	4.09667
788	1584.108	1204	4.01333
789	1586.150	1282	4.27333
790	1588.192	1313	4.37667
791	1590.234	1432	4.77333
792	1592.276	1445	4.81667
793	1594.318	1470	4.9
794	1596.361	1663	5.54333
795	1598.403	1637	5.45667
796	1600.445	1635	5.45
797	1602.487	1805	6.01667
798	1604.529	1784	5.94667
799	1606.571	1837	6.12333
800	1608.614	1776	5.92
801	1610.656	1901	6.33667
802	1612.698	1906	6.35333
803	1614.740	1822	6.07333
804	1616.782	1887	6.29
805	1618.824	1849	6.16333
806	1620.867	1872	6.24
807	1622.909	1894	6.31333
808	1624.951	1814	6.04667
809	1626.993	1893	6.31
810	1629.035	1768	5.89333
811	1631.077	1760	5.86667
812	1633.120	1794	5.98
813	1635.162	1695	5.65
814	1637.204	1685	5.61667
815	1639.246	1616	5.38667
816	1641.288	1612	5.37333
817	1643.330	1512	5.04
818	1645.373	1463	4.87667
819	1647.415	1315	4.38333
820	1649.457	1314	4.38
821	1651.499	1323	4.41
822	1653.541	1244	4.14667
823	1655.583	1191	3.97
824	1657.626	1049	3.49667
825	1659.668	1091	3.63667
826	1661.710	995	3.31667
827	1663.752	885	2.95
828	1665.794	800	2.66667
829	1667.836	850	2.83333
830	1669.879	742	2.47333
831	1671.921	691	2.30333
832	1673.963	739	2.46333
833	1676.005	645	2.15
834	1678.047	631	2.10333
835	1680.089	574	1.91333
836	1682.132	564	1.88
837	1684.174	559	1.86333
838	1686.216	501	1.67
839	1688.258	469	1.56333
840	1690.300	491	1.63667
841	1692.342	483	1.61
842	1694.385	401	1.33667
843	1696.427	401	1.33667
844	1698.469	389	1.29667
845	1700.511	403	1.34333
846	1702.553	370	1.23333
847	1704.595	353	1.17667
848	1706.638	328	1.09333
849	1708.680	326	1.08667
850	1710.722	333	1.11
851	1712.764	313	1.04333
852	1714.806	282	0.94
853	1716.848	303	1.01
854	1718.891	299	0.996667
855	1720.933	301	1.00333
856	1722.975	296	0.986667
857	1725.017	331	1.10333
858	1727.059	285	0.95
859	1729.101	316	1.05333
860	1731.144	299	0.996667
861	1733.186	283	0.943333
862	1735.228	251	0.836667
863	1737.270	288	0.96
864	1739.312	293	0.976667
865	1741.354	277	0.923333
866	1743.397	274	0.913333
867	1745.439	268	0.893333
868	1747.481	310	1.03333
869	1749.523	265	0.883333
870	1751.565	270	0.9
871	1753.607	267	0.89
872	1755.650	297	0.99
873	1757.692	283	0.943333
874	1759.734	309	1.03
875	1761.776	279	0.93
876	1763.818	291	0.97
877	1765.860	277	0.923333
878	1767.903	288	0.96
879	1769.945	263	0.876667
880	1771.987	246	0.82
881	1774.029	273	0.91
882	1776.071	283	0.943333
883	1778.113	284	0.946667
884	1780.156	264	0.88
885	1782.198	282	0.94
886	1784.240	276	0.92
887	1786.282	261	0.87
888	1788.324	256	0.853333
889	1790.366	241	0.803333
890	1792.409	296	0.986667
891	1794.451	281	0.936667
892	1796.493	304	1.01333
893	1798.535	281	0.936667
894	1800.577	268	0.893333
895	1802.619	277	0.923333
896	1804.662	288	0.96
897	1806.704	272	0.906667
898	1808.746	283	0.943333
899	1810.788	274	0.913333
900	1812.830	273	0.91
901	1814.873	306	1.02
902	1816.915	246	0.82
903	1818.957	303	1.01
904	1820.999	293	0.976667
905	1823.041	269	0.896667
906	1825.083	272	0.906667
907	1827.126	276	0.92
908	1829.168	266	0.886667
909	1831.210	288	0.96
910	1833.252	281	0.936667
911	1835.294	270	0.9
912	1837.336	334	1.11333
913	1839.379	273	0.91
914	1841.421	289	0.963333
915	1843.463	290	0.966667
916	1845.505	268	0.893333
917	1847.547	271	0.903333
918	1849.589	297	0.99
919	1851.632	295	0.983333
920	1853.674	313	1.04333
921	1855.716	310	1.03333
922	1857.758	274	0.913333
923	1859.800	283	0.943333
924	1861.842	311	1.03667
925	1863.885	303	1.01
926	1865.927	285	0.95
927	1867.969	307	1.02333
928	1870.011	311	1.03667
929	1872.053	310	1.03333
930	1874.095	303	1.01
931	1876.138	314	1.04667
932	1878.180	299	0.996667
933	1880.222	283	0.943333
934	1882.264	272	0.906667
935	1884.306	318	1.06
936	1886.348	291	0.97
937	1888.391	284	0.946667
938	1890.433	284	0.946667
939	1892.475	283	0.943333
940	1894.517	294	0.98
941	1896.559	274	0.913333
942	1898.601	294	0.98
943	1900.644	316	1.05333
944	1902.686	297	0.99
945	1904.728	261	0.87
946	1906.770	309	1.03
947	1908.812	278	0.926667
948	1910.854	285	0.95
949	1912.897	301	1.00333
950	1914.939	322	1.07333
951	1916.981	274	0.913333
952	1919.023	279	0.93
953	1921.065	262	0.873333
954	1923.107	268	0.893333
955	1925.150	274	0.913333
956	1927.192	265	0.883333
957	1929.234	262	0.873333
958	1931.276	285	0.95
959	1933.318	307	1.02333
960	1935.360	240	0.8
961	1937.403	273	0.91
962	1939.445	290	0.966667
963	1941.487	264	0.88
964	1943.529	280	0.933333
965	1945.571	278	0.926667
966	1947.613	241	0.803333
967	1949.656	282	0.94
968	1951.698	258	0.86
969	1953.740	251	0.836667
970	1955.782	249	0.83
971	1957.824	281	0.936667
972	1959.866	241	0.803333
973	1961.909	247	0.823333
974	1963.951	258	0.86
975	1965.993	277	0.923333
976	1968.035	250	0.833333
977	1970.077	257	0.856667
978	1972.119	258	0.86
979	1974.162	255	0.85
980	1976.204	247	0.823333
981	1978.246	239	0.796667
982	1980.288	251	0.836667
983	1982.330	219	0.73
984	1984.372	260	0.866667
985	1986.415	268	0.893333
986	1988.457	244	0.813333
987	1990.499	244	0.813333
988	1992.541	227	0.756667
989	1994.583	228	0.76
990	1996.625	215	0.716667
991	1998.668	207	0.69
992	2000.710	186	0.62
993	2002.752	235	0.783333
994	2004.794	209	0.696667
995	2006.836	215	0.716667
996	2008.878	205	0.683333
997	2010.921	216	0.72
998	2012.963	184	0.613333
999	2015.005	174	0.58
1000	2017.047	190	0.633333
1001	2019.089	176	0.586667
1002	2021.131	184	0.613333
1003	2023.174	167	0.556667
1004	2025.216	177	0.59
1005	2027.258	193	0.643333
1006	2029.300	176	0.586667
1007	2031.342	180	0.6
1008	2033.384	155	0.516667
1009	2035.427	152	0.506667
1010	2037.469	172	0.573333
1011	2039.511	142	0.473333
1012	2041.553	143	0.476667
1013	2043.595	171	0.57
1014	2045.637	148	0.493333
1015	2047.680	142	0.473333
1016	2049.722	132	0.44
1017	2051.764	129	0.43
1018	2053.806	141	0.47
1019	2055.848	152	0.506667
1020	2057.890	154	0.513333
1021	2059.933	152	0.506667
1022	2061.975	126	0.42
1023	2064.017	101	0.336667
1024	2066.059	105	0.35
