#
# Sample name: Sample title.                                                   
# Sample id:   
# Sample type: 
# User name:   
# Sample description: 
#
# Start time:    2019-09-13, 14:35:32
# Real time (s): 516.628
# Live time (s): 300.000
#
# Total counts:  33020397
#
# Left marker:  237 (458.873 keV)
# Right marker: 274 (534.434 keV)
# Counts:  881395
#
# Energy calibration coefficients ( E = sum(Ai * n**i) )
#     A0: -25.120346
#     A1: 2.042167
#     A2: 0.000000
#     A3: 0.000000
# Energy unit: keV
#
# Channel data
# n	energy	counts	rate
#-----------------------------------------------------------------------
1	-23.078	643	2.14333
2	-21.036	1334	4.44667
3	-18.994	2105787	7019.29
4	-16.952	19652536	65508.5
5	-14.910	4531744	15105.8
6	-12.867	97495	324.983
7	-10.825	18599	61.9967
8	-8.783	15936	53.12
9	-6.741	10470	34.9
10	-4.699	7653	25.51
11	-2.657	7148	23.8267
12	-0.614	7107	23.69
13	1.428	7250	24.1667
14	3.470	7388	24.6267
15	5.512	7731	25.77
16	7.554	8397	27.99
17	9.597	9759	32.53
18	11.639	14119	47.0633
19	13.681	26523	88.41
20	15.723	56194	187.313
21	17.765	103758	345.86
22	19.807	152716	509.053
23	21.850	189401	631.337
24	23.892	207757	692.523
25	25.934	202407	674.69
26	27.976	165831	552.77
27	30.018	113484	378.28
28	32.060	70757	235.857
29	34.103	42922	143.073
30	36.145	26299	87.6633
31	38.187	16798	55.9933
32	40.229	13356	44.52
33	42.271	13601	45.3367
34	44.313	15570	51.9
35	46.356	18550	61.8333
36	48.398	21544	71.8133
37	50.440	24302	81.0067
38	52.482	25872	86.24
39	54.524	25699	85.6633
40	56.566	24280	80.9333
41	58.609	21720	72.4
42	60.651	20184	67.28
43	62.693	19190	63.9667
44	64.735	19773	65.91
45	66.777	21088	70.2933
46	68.819	22872	76.24
47	70.862	24268	80.8933
48	72.904	24617	82.0567
49	74.946	23663	78.8767
50	76.988	24080	80.2667
51	79.030	24960	83.2
52	81.072	28955	96.5167
53	83.115	37142	123.807
54	85.157	50832	169.44
55	87.199	69737	232.457
56	89.241	93321	311.07
57	91.283	115786	385.953
58	93.325	130881	436.27
59	95.368	135637	452.123
60	97.410	126791	422.637
61	99.452	106814	356.047
62	101.494	80712	269.04
63	103.536	55007	183.357
64	105.578	34802	116.007
65	107.621	21477	71.59
66	109.663	13971	46.57
67	111.705	10819	36.0633
68	113.747	9223	30.7433
69	115.789	8775	29.25
70	117.831	8685	28.95
71	119.874	8818	29.3933
72	121.916	8979	29.93
73	123.958	9514	31.7133
74	126.000	10034	33.4467
75	128.042	10790	35.9667
76	130.084	12211	40.7033
77	132.127	13985	46.6167
78	134.169	16079	53.5967
79	136.211	18324	61.08
80	138.253	20388	67.96
81	140.295	21499	71.6633
82	142.337	21548	71.8267
83	144.380	20665	68.8833
84	146.422	18904	63.0133
85	148.464	16486	54.9533
86	150.506	13992	46.64
87	152.548	11917	39.7233
88	154.590	10258	34.1933
89	156.633	9099	30.33
90	158.675	8879	29.5967
91	160.717	8342	27.8067
92	162.759	8439	28.13
93	164.801	8279	27.5967
94	166.843	8545	28.4833
95	168.886	8967	29.89
96	170.928	9334	31.1133
97	172.970	9671	32.2367
98	175.012	9547	31.8233
99	177.054	9840	32.8
100	179.096	10028	33.4267
101	181.139	10513	35.0433
102	183.181	10762	35.8733
103	185.223	10998	36.66
104	187.265	11365	37.8833
105	189.307	11709	39.03
106	191.349	11812	39.3733
107	193.392	11917	39.7233
108	195.434	12092	40.3067
109	197.476	12037	40.1233
110	199.518	12027	40.09
111	201.560	12352	41.1733
112	203.602	12046	40.1533
113	205.645	11771	39.2367
114	207.687	11541	38.47
115	209.729	11316	37.72
116	211.771	11092	36.9733
117	213.813	10553	35.1767
118	215.855	10250	34.1667
119	217.898	10244	34.1467
120	219.940	9604	32.0133
121	221.982	9516	31.72
122	224.024	9336	31.12
123	226.066	9056	30.1867
124	228.108	9054	30.18
125	230.151	9139	30.4633
126	232.193	8938	29.7933
127	234.235	8904	29.68
128	236.277	8652	28.84
129	238.319	8575	28.5833
130	240.361	8660	28.8667
131	242.404	8284	27.6133
132	244.446	8150	27.1667
133	246.488	7896	26.32
134	248.530	7766	25.8867
135	250.572	7530	25.1
136	252.614	7456	24.8533
137	254.657	7150	23.8333
138	256.699	6886	22.9533
139	258.741	6881	22.9367
140	260.783	6521	21.7367
141	262.825	6341	21.1367
142	264.867	6408	21.36
143	266.910	6271	20.9033
144	268.952	6088	20.2933
145	270.994	6155	20.5167
146	273.036	6080	20.2667
147	275.078	6090	20.3
148	277.120	5916	19.72
149	279.163	5976	19.92
150	281.205	5894	19.6467
151	283.247	5690	18.9667
152	285.289	5630	18.7667
153	287.331	5562	18.54
154	289.373	5500	18.3333
155	291.416	5218	17.3933
156	293.458	5201	17.3367
157	295.500	5193	17.31
158	297.542	4922	16.4067
159	299.584	4830	16.1
160	301.626	4765	15.8833
161	303.669	4707	15.69
162	305.711	4691	15.6367
163	307.753	4726	15.7533
164	309.795	4665	15.55
165	311.837	4711	15.7033
166	313.879	4721	15.7367
167	315.922	4803	16.01
168	317.964	4740	15.8
169	320.006	5110	17.0333
170	322.048	5417	18.0567
171	324.090	5549	18.4967
172	326.132	5893	19.6433
173	328.175	6378	21.26
174	330.217	7036	23.4533
175	332.259	7427	24.7567
176	334.301	8067	26.89
177	336.343	8783	29.2767
178	338.385	9382	31.2733
179	340.428	9784	32.6133
180	342.470	10420	34.7333
181	344.512	10960	36.5333
182	346.554	11286	37.62
183	348.596	11771	39.2367
184	350.638	12201	40.67
185	352.681	12289	40.9633
186	354.723	12737	42.4567
187	356.765	13094	43.6467
188	358.807	13557	45.19
189	360.849	14013	46.71
190	362.891	14562	48.54
191	364.934	15451	51.5033
192	366.976	16292	54.3067
193	369.018	17224	57.4133
194	371.060	18082	60.2733
195	373.102	19100	63.6667
196	375.144	20335	67.7833
197	377.187	20839	69.4633
198	379.229	21741	72.47
199	381.271	22181	73.9367
200	383.313	22643	75.4767
201	385.355	22414	74.7133
202	387.397	22425	74.75
203	389.440	21605	72.0167
204	391.482	21217	70.7233
205	393.524	20315	67.7167
206	395.566	19184	63.9467
207	397.608	17789	59.2967
208	399.650	16549	55.1633
209	401.693	15250	50.8333
210	403.735	14163	47.21
211	405.777	13122	43.74
212	407.819	12400	41.3333
213	409.861	11971	39.9033
214	411.903	11524	38.4133
215	413.946	11797	39.3233
216	415.988	12422	41.4067
217	418.030	13341	44.47
218	420.072	14750	49.1667
219	422.114	16058	53.5267
220	424.156	18760	62.5333
221	426.199	21354	71.18
222	428.241	24126	80.42
223	430.283	27414	91.38
224	432.325	30642	102.14
225	434.367	33709	112.363
226	436.409	37653	125.51
227	438.452	41175	137.25
228	440.494	44462	148.207
229	442.536	47569	158.563
230	444.578	50022	166.74
231	446.620	51891	172.97
232	448.662	53911	179.703
233	450.705	54960	183.2
234	452.747	55845	186.15
235	454.789	56035	186.783
236	456.831	56027	186.757
237	458.873	55130	183.767
238	460.916	52704	175.68
239	462.958	50705	169.017
240	465.000	48953	163.177
241	467.042	46269	154.23
242	469.084	43746	145.82
243	471.126	40453	134.843
244	473.169	37862	126.207
245	475.211	35446	118.153
246	477.253	33036	110.12
247	479.295	30713	102.377
248	481.337	28590	95.3
249	483.379	27087	90.29
250	485.422	25889	86.2967
251	487.464	24734	82.4467
252	489.506	24418	81.3933
253	491.548	23573	78.5767
254	493.590	23064	76.88
255	495.632	22190	73.9667
256	497.675	21874	72.9133
257	499.717	21330	71.1
258	501.759	20609	68.6967
259	503.801	19810	66.0333
260	505.843	18923	63.0767
261	507.885	18074	60.2467
262	509.928	16749	55.83
263	511.970	15827	52.7567
264	514.012	14731	49.1033
265	516.054	13491	44.97
266	518.096	12482	41.6067
267	520.138	11347	37.8233
268	522.181	10265	34.2167
269	524.223	9474	31.58
270	526.265	8586	28.62
271	528.307	7628	25.4267
272	530.349	7239	24.13
273	532.391	6932	23.1067
274	534.434	6592	21.9733
275	536.476	6549	21.83
276	538.518	6278	20.9267
277	540.560	6424	21.4133
278	542.602	6687	22.29
279	544.644	6889	22.9633
280	546.687	7015	23.3833
281	548.729	7322	24.4067
282	550.771	7614	25.38
283	552.813	8079	26.93
284	554.855	8571	28.57
285	556.897	8680	28.9333
286	558.940	9216	30.72
287	560.982	9575	31.9167
288	563.024	9545	31.8167
289	565.066	9725	32.4167
290	567.108	9877	32.9233
291	569.150	9710	32.3667
292	571.193	9635	32.1167
293	573.235	9559	31.8633
294	575.277	9302	31.0067
295	577.319	9093	30.31
296	579.361	8609	28.6967
297	581.403	7998	26.66
298	583.446	7502	25.0067
299	585.488	7054	23.5133
300	587.530	6264	20.88
301	589.572	5833	19.4433
302	591.614	5190	17.3
303	593.656	4653	15.51
304	595.699	4050	13.5
305	597.741	3642	12.14
306	599.783	3111	10.37
307	601.825	2740	9.13333
308	603.867	2464	8.21333
309	605.909	2185	7.28333
310	607.952	1987	6.62333
311	609.994	1788	5.96
312	612.036	1607	5.35667
313	614.078	1375	4.58333
314	616.120	1391	4.63667
315	618.162	1238	4.12667
316	620.205	1158	3.86
317	622.247	1184	3.94667
318	624.289	1037	3.45667
319	626.331	1058	3.52667
320	628.373	910	3.03333
321	630.415	820	2.73333
322	632.458	769	2.56333
323	634.500	779	2.59667
324	636.542	688	2.29333
325	638.584	597	1.99
326	640.626	533	1.77667
327	642.668	505	1.68333
328	644.711	454	1.51333
329	646.753	401	1.33667
330	648.795	368	1.22667
331	650.837	287	0.956667
332	652.879	251	0.836667
333	654.921	263	0.876667
334	656.964	234	0.78
335	659.006	240	0.8
336	661.048	182	0.606667
337	663.090	172	0.573333
338	665.132	160	0.533333
339	667.174	155	0.516667
340	669.217	155	0.516667
341	671.259	154	0.513333
342	673.301	147	0.49
343	675.343	143	0.476667
344	677.385	121	0.403333
345	679.427	142	0.473333
346	681.470	146	0.486667
347	683.512	126	0.42
348	685.554	109	0.363333
349	687.596	129	0.43
350	689.638	124	0.413333
351	691.680	133	0.443333
352	693.723	139	0.463333
353	695.765	121	0.403333
354	697.807	106	0.353333
355	699.849	124	0.413333
356	701.891	128	0.426667
357	703.933	102	0.34
358	705.976	114	0.38
359	708.018	85	0.283333
360	710.060	116	0.386667
361	712.102	102	0.34
362	714.144	99	0.33
363	716.186	93	0.31
364	718.229	94	0.313333
365	720.271	90	0.3
366	722.313	99	0.33
367	724.355	98	0.326667
368	726.397	82	0.273333
369	728.439	91	0.303333
370	730.482	88	0.293333
371	732.524	88	0.293333
372	734.566	77	0.256667
373	736.608	82	0.273333
374	738.650	74	0.246667
375	740.692	75	0.25
376	742.735	83	0.276667
377	744.777	89	0.296667
378	746.819	73	0.243333
379	748.861	66	0.22
380	750.903	81	0.27
381	752.945	80	0.266667
382	754.988	83	0.276667
383	757.030	78	0.26
384	759.072	91	0.303333
385	761.114	76	0.253333
386	763.156	83	0.276667
387	765.198	89	0.296667
388	767.241	83	0.276667
389	769.283	92	0.306667
390	771.325	80	0.266667
391	773.367	78	0.26
392	775.409	85	0.283333
393	777.451	97	0.323333
394	779.494	86	0.286667
395	781.536	101	0.336667
396	783.578	88	0.293333
397	785.620	103	0.343333
398	787.662	95	0.316667
399	789.704	85	0.283333
400	791.747	105	0.35
401	793.789	88	0.293333
402	795.831	110	0.366667
403	797.873	99	0.33
404	799.915	100	0.333333
405	801.957	100	0.333333
406	804.000	97	0.323333
407	806.042	106	0.353333
408	808.084	108	0.36
409	810.126	114	0.38
410	812.168	117	0.39
411	814.210	113	0.376667
412	816.253	108	0.36
413	818.295	97	0.323333
414	820.337	125	0.416667
415	822.379	104	0.346667
416	824.421	114	0.38
417	826.463	116	0.386667
418	828.506	121	0.403333
419	830.548	107	0.356667
420	832.590	124	0.413333
421	834.632	126	0.42
422	836.674	142	0.473333
423	838.716	111	0.37
424	840.759	124	0.413333
425	842.801	134	0.446667
426	844.843	147	0.49
427	846.885	134	0.446667
428	848.927	125	0.416667
429	850.969	125	0.416667
430	853.012	147	0.49
431	855.054	127	0.423333
432	857.096	131	0.436667
433	859.138	153	0.51
434	861.180	129	0.43
435	863.222	116	0.386667
436	865.265	125	0.416667
437	867.307	136	0.453333
438	869.349	144	0.48
439	871.391	128	0.426667
440	873.433	142	0.473333
441	875.475	142	0.473333
442	877.518	144	0.48
443	879.560	127	0.423333
444	881.602	139	0.463333
445	883.644	130	0.433333
446	885.686	117	0.39
447	887.728	133	0.443333
448	889.771	150	0.5
449	891.813	144	0.48
450	893.855	133	0.443333
451	895.897	114	0.38
452	897.939	140	0.466667
453	899.981	158	0.526667
454	902.024	149	0.496667
455	904.066	152	0.506667
456	906.108	156	0.52
457	908.150	138	0.46
458	910.192	143	0.476667
459	912.235	134	0.446667
460	914.277	151	0.503333
461	916.319	160	0.533333
462	918.361	145	0.483333
463	920.403	152	0.506667
464	922.445	142	0.473333
465	924.488	156	0.52
466	926.530	146	0.486667
467	928.572	140	0.466667
468	930.614	146	0.486667
469	932.656	152	0.506667
470	934.698	161	0.536667
471	936.741	128	0.426667
472	938.783	109	0.363333
473	940.825	118	0.393333
474	942.867	117	0.39
475	944.909	131	0.436667
476	946.951	132	0.44
477	948.994	106	0.353333
478	951.036	119	0.396667
479	953.078	144	0.48
480	955.120	109	0.363333
481	957.162	113	0.376667
482	959.204	121	0.403333
483	961.247	95	0.316667
484	963.289	112	0.373333
485	965.331	113	0.376667
486	967.373	112	0.373333
487	969.415	109	0.363333
488	971.457	87	0.29
489	973.500	95	0.316667
490	975.542	95	0.316667
491	977.584	79	0.263333
492	979.626	95	0.316667
493	981.668	71	0.236667
494	983.710	83	0.276667
495	985.753	75	0.25
496	987.795	103	0.343333
497	989.837	69	0.23
498	991.879	72	0.24
499	993.921	82	0.273333
500	995.963	71	0.236667
501	998.006	69	0.23
502	1000.048	68	0.226667
503	1002.090	67	0.223333
504	1004.132	54	0.18
505	1006.174	57	0.19
506	1008.216	64	0.213333
507	1010.259	57	0.19
508	1012.301	58	0.193333
509	1014.343	62	0.206667
510	1016.385	63	0.21
511	1018.427	59	0.196667
512	1020.469	73	0.243333
513	1022.512	46	0.153333
514	1024.554	50	0.166667
515	1026.596	49	0.163333
516	1028.638	48	0.16
517	1030.680	61	0.203333
518	1032.722	43	0.143333
519	1034.765	45	0.15
520	1036.807	45	0.15
521	1038.849	36	0.12
522	1040.891	43	0.143333
523	1042.933	47	0.156667
524	1044.975	39	0.13
525	1047.018	46	0.153333
526	1049.060	44	0.146667
527	1051.102	32	0.106667
528	1053.144	32	0.106667
529	1055.186	30	0.1
530	1057.228	40	0.133333
531	1059.271	48	0.16
532	1061.313	35	0.116667
533	1063.355	34	0.113333
534	1065.397	31	0.103333
535	1067.439	29	0.0966667
536	1069.481	30	0.1
537	1071.524	23	0.0766667
538	1073.566	23	0.0766667
539	1075.608	26	0.0866667
540	1077.650	25	0.0833333
541	1079.692	26	0.0866667
542	1081.734	23	0.0766667
543	1083.777	20	0.0666667
544	1085.819	20	0.0666667
545	1087.861	18	0.06
546	1089.903	25	0.0833333
547	1091.945	15	0.05
548	1093.987	24	0.08
549	1096.030	16	0.0533333
550	1098.072	14	0.0466667
551	1100.114	19	0.0633333
552	1102.156	15	0.05
553	1104.198	11	0.0366667
554	1106.240	15	0.05
555	1108.283	6	0.02
556	1110.325	12	0.04
557	1112.367	13	0.0433333
558	1114.409	11	0.0366667
559	1116.451	16	0.0533333
560	1118.493	11	0.0366667
561	1120.536	11	0.0366667
562	1122.578	10	0.0333333
563	1124.620	8	0.0266667
564	1126.662	9	0.03
565	1128.704	4	0.0133333
566	1130.746	7	0.0233333
567	1132.789	11	0.0366667
568	1134.831	12	0.04
569	1136.873	13	0.0433333
570	1138.915	8	0.0266667
571	1140.957	10	0.0333333
572	1142.999	13	0.0433333
573	1145.042	5	0.0166667
574	1147.084	11	0.0366667
575	1149.126	10	0.0333333
576	1151.168	10	0.0333333
577	1153.210	7	0.0233333
578	1155.252	5	0.0166667
579	1157.295	10	0.0333333
580	1159.337	4	0.0133333
581	1161.379	2	0.00666667
582	1163.421	2	0.00666667
583	1165.463	5	0.0166667
584	1167.505	4	0.0133333
585	1169.548	7	0.0233333
586	1171.590	6	0.02
587	1173.632	6	0.02
588	1175.674	3	0.01
589	1177.716	6	0.02
590	1179.758	2	0.00666667
591	1181.801	6	0.02
592	1183.843	2	0.00666667
593	1185.885	3	0.01
594	1187.927	4	0.0133333
595	1189.969	7	0.0233333
596	1192.011	2	0.00666667
597	1194.054	3	0.01
598	1196.096	1	0.00333333
599	1198.138	3	0.01
600	1200.180	1	0.00333333
601	1202.222	7	0.0233333
602	1204.264	3	0.01
603	1206.307	3	0.01
604	1208.349	5	0.0166667
605	1210.391	1	0.00333333
606	1212.433	4	0.0133333
607	1214.475	3	0.01
608	1216.517	3	0.01
609	1218.560	2	0.00666667
610	1220.602	4	0.0133333
611	1222.644	2	0.00666667
612	1224.686	4	0.0133333
613	1226.728	4	0.0133333
614	1228.770	4	0.0133333
615	1230.813	3	0.01
616	1232.855	1	0.00333333
617	1234.897	6	0.02
618	1236.939	1	0.00333333
619	1238.981	2	0.00666667
620	1241.023	1	0.00333333
621	1243.066	4	0.0133333
622	1245.108	2	0.00666667
623	1247.150	1	0.00333333
624	1249.192	3	0.01
625	1251.234	2	0.00666667
626	1253.276	3	0.01
627	1255.319	3	0.01
628	1257.361	2	0.00666667
629	1259.403	1	0.00333333
630	1261.445	5	0.0166667
631	1263.487	3	0.01
632	1265.529	2	0.00666667
633	1267.572	2	0.00666667
634	1269.614	3	0.01
635	1271.656	3	0.01
636	1273.698	4	0.0133333
637	1275.740	1	0.00333333
638	1277.782	4	0.0133333
639	1279.825	3	0.01
640	1281.867	5	0.0166667
641	1283.909	3	0.01
642	1285.951	2	0.00666667
643	1287.993	3	0.01
644	1290.035	4	0.0133333
645	1292.078	3	0.01
646	1294.120	3	0.01
647	1296.162	3	0.01
648	1298.204	1	0.00333333
649	1300.246	2	0.00666667
650	1302.288	1	0.00333333
651	1304.331	2	0.00666667
652	1306.373	4	0.0133333
653	1308.415	1	0.00333333
654	1310.457	1	0.00333333
655	1312.499	3	0.01
656	1314.541	1	0.00333333
657	1316.584	1	0.00333333
658	1318.626	1	0.00333333
659	1320.668	2	0.00666667
660	1322.710	1	0.00333333
661	1324.752	1	0.00333333
662	1326.794	1	0.00333333
663	1328.837	3	0.01
664	1330.879	3	0.01
665	1332.921	0	0
666	1334.963	2	0.00666667
667	1337.005	4	0.0133333
668	1339.047	5	0.0166667
669	1341.090	2	0.00666667
670	1343.132	4	0.0133333
671	1345.174	3	0.01
672	1347.216	2	0.00666667
673	1349.258	2	0.00666667
674	1351.300	3	0.01
675	1353.343	1	0.00333333
676	1355.385	3	0.01
677	1357.427	3	0.01
678	1359.469	5	0.0166667
679	1361.511	1	0.00333333
680	1363.554	8	0.0266667
681	1365.596	3	0.01
682	1367.638	3	0.01
683	1369.680	1	0.00333333
684	1371.722	2	0.00666667
685	1373.764	4	0.0133333
686	1375.807	3	0.01
687	1377.849	0	0
688	1379.891	1	0.00333333
689	1381.933	1	0.00333333
690	1383.975	1	0.00333333
691	1386.017	3	0.01
692	1388.060	1	0.00333333
693	1390.102	2	0.00666667
694	1392.144	3	0.01
695	1394.186	4	0.0133333
696	1396.228	1	0.00333333
697	1398.270	3	0.01
698	1400.313	4	0.0133333
699	1402.355	2	0.00666667
700	1404.397	3	0.01
701	1406.439	3	0.01
702	1408.481	2	0.00666667
703	1410.523	2	0.00666667
704	1412.566	4	0.0133333
705	1414.608	2	0.00666667
706	1416.650	2	0.00666667
707	1418.692	0	0
708	1420.734	3	0.01
709	1422.776	3	0.01
710	1424.819	2	0.00666667
711	1426.861	3	0.01
712	1428.903	3	0.01
713	1430.945	2	0.00666667
714	1432.987	4	0.0133333
715	1435.029	3	0.01
716	1437.072	3	0.01
717	1439.114	3	0.01
718	1441.156	7	0.0233333
719	1443.198	2	0.00666667
720	1445.240	1	0.00333333
721	1447.282	1	0.00333333
722	1449.325	1	0.00333333
723	1451.367	6	0.02
724	1453.409	2	0.00666667
725	1455.451	3	0.01
726	1457.493	3	0.01
727	1459.535	3	0.01
728	1461.578	1	0.00333333
729	1463.620	1	0.00333333
730	1465.662	1	0.00333333
731	1467.704	1	0.00333333
732	1469.746	5	0.0166667
733	1471.788	3	0.01
734	1473.831	2	0.00666667
735	1475.873	1	0.00333333
736	1477.915	5	0.0166667
737	1479.957	2	0.00666667
738	1481.999	1	0.00333333
739	1484.041	1	0.00333333
740	1486.084	3	0.01
741	1488.126	3	0.01
742	1490.168	2	0.00666667
743	1492.210	4	0.0133333
744	1494.252	2	0.00666667
745	1496.294	2	0.00666667
746	1498.337	2	0.00666667
747	1500.379	3	0.01
748	1502.421	2	0.00666667
749	1504.463	1	0.00333333
750	1506.505	1	0.00333333
751	1508.547	1	0.00333333
752	1510.590	3	0.01
753	1512.632	1	0.00333333
754	1514.674	1	0.00333333
755	1516.716	1	0.00333333
756	1518.758	3	0.01
757	1520.800	0	0
758	1522.843	0	0
759	1524.885	2	0.00666667
760	1526.927	0	0
761	1528.969	0	0
762	1531.011	0	0
763	1533.053	0	0
764	1535.096	1	0.00333333
765	1537.138	2	0.00666667
766	1539.180	0	0
767	1541.222	1	0.00333333
768	1543.264	4	0.0133333
769	1545.306	5	0.0166667
770	1547.349	0	0
771	1549.391	3	0.01
772	1551.433	0	0
773	1553.475	2	0.00666667
774	1555.517	0	0
775	1557.559	3	0.01
776	1559.602	1	0.00333333
777	1561.644	2	0.00666667
778	1563.686	3	0.01
779	1565.728	2	0.00666667
780	1567.770	0	0
781	1569.812	4	0.0133333
782	1571.855	5	0.0166667
783	1573.897	5	0.0166667
784	1575.939	5	0.0166667
785	1577.981	0	0
786	1580.023	2	0.00666667
787	1582.065	1	0.00333333
788	1584.108	0	0
789	1586.150	2	0.00666667
790	1588.192	0	0
791	1590.234	0	0
792	1592.276	0	0
793	1594.318	1	0.00333333
794	1596.361	5	0.0166667
795	1598.403	2	0.00666667
796	1600.445	3	0.01
797	1602.487	0	0
798	1604.529	3	0.01
799	1606.571	0	0
800	1608.614	0	0
801	1610.656	3	0.01
802	1612.698	1	0.00333333
803	1614.740	0	0
804	1616.782	2	0.00666667
805	1618.824	0	0
806	1620.867	5	0.0166667
807	1622.909	3	0.01
808	1624.951	2	0.00666667
809	1626.993	2	0.00666667
810	1629.035	0	0
811	1631.077	3	0.01
812	1633.120	4	0.0133333
813	1635.162	1	0.00333333
814	1637.204	0	0
815	1639.246	5	0.0166667
816	1641.288	2	0.00666667
817	1643.330	1	0.00333333
818	1645.373	0	0
819	1647.415	0	0
820	1649.457	0	0
821	1651.499	0	0
822	1653.541	0	0
823	1655.583	2	0.00666667
824	1657.626	1	0.00333333
825	1659.668	4	0.0133333
826	1661.710	1	0.00333333
827	1663.752	2	0.00666667
828	1665.794	1	0.00333333
829	1667.836	0	0
830	1669.879	1	0.00333333
831	1671.921	1	0.00333333
832	1673.963	0	0
833	1676.005	2	0.00666667
834	1678.047	1	0.00333333
835	1680.089	0	0
836	1682.132	2	0.00666667
837	1684.174	0	0
838	1686.216	1	0.00333333
839	1688.258	2	0.00666667
840	1690.300	0	0
841	1692.342	1	0.00333333
842	1694.385	0	0
843	1696.427	2	0.00666667
844	1698.469	1	0.00333333
845	1700.511	2	0.00666667
846	1702.553	2	0.00666667
847	1704.595	0	0
848	1706.638	1	0.00333333
849	1708.680	1	0.00333333
850	1710.722	2	0.00666667
851	1712.764	0	0
852	1714.806	1	0.00333333
853	1716.848	1	0.00333333
854	1718.891	1	0.00333333
855	1720.933	2	0.00666667
856	1722.975	0	0
857	1725.017	1	0.00333333
858	1727.059	1	0.00333333
859	1729.101	0	0
860	1731.144	3	0.01
861	1733.186	1	0.00333333
862	1735.228	1	0.00333333
863	1737.270	3	0.01
864	1739.312	2	0.00666667
865	1741.354	1	0.00333333
866	1743.397	0	0
867	1745.439	1	0.00333333
868	1747.481	0	0
869	1749.523	4	0.0133333
870	1751.565	1	0.00333333
871	1753.607	1	0.00333333
872	1755.650	2	0.00666667
873	1757.692	2	0.00666667
874	1759.734	1	0.00333333
875	1761.776	1	0.00333333
876	1763.818	1	0.00333333
877	1765.860	0	0
878	1767.903	0	0
879	1769.945	2	0.00666667
880	1771.987	3	0.01
881	1774.029	0	0
882	1776.071	3	0.01
883	1778.113	0	0
884	1780.156	0	0
885	1782.198	1	0.00333333
886	1784.240	2	0.00666667
887	1786.282	1	0.00333333
888	1788.324	2	0.00666667
889	1790.366	2	0.00666667
890	1792.409	1	0.00333333
891	1794.451	2	0.00666667
892	1796.493	0	0
893	1798.535	0	0
894	1800.577	3	0.01
895	1802.619	2	0.00666667
896	1804.662	0	0
897	1806.704	2	0.00666667
898	1808.746	0	0
899	1810.788	1	0.00333333
900	1812.830	3	0.01
901	1814.873	2	0.00666667
902	1816.915	4	0.0133333
903	1818.957	2	0.00666667
904	1820.999	1	0.00333333
905	1823.041	2	0.00666667
906	1825.083	0	0
907	1827.126	4	0.0133333
908	1829.168	0	0
909	1831.210	4	0.0133333
910	1833.252	2	0.00666667
911	1835.294	3	0.01
912	1837.336	3	0.01
913	1839.379	3	0.01
914	1841.421	2	0.00666667
915	1843.463	3	0.01
916	1845.505	1	0.00333333
917	1847.547	4	0.0133333
918	1849.589	3	0.01
919	1851.632	4	0.0133333
920	1853.674	2	0.00666667
921	1855.716	1	0.00333333
922	1857.758	3	0.01
923	1859.800	3	0.01
924	1861.842	2	0.00666667
925	1863.885	1	0.00333333
926	1865.927	4	0.0133333
927	1867.969	3	0.01
928	1870.011	2	0.00666667
929	1872.053	3	0.01
930	1874.095	2	0.00666667
931	1876.138	2	0.00666667
932	1878.180	2	0.00666667
933	1880.222	2	0.00666667
934	1882.264	0	0
935	1884.306	0	0
936	1886.348	2	0.00666667
937	1888.391	1	0.00333333
938	1890.433	1	0.00333333
939	1892.475	2	0.00666667
940	1894.517	1	0.00333333
941	1896.559	2	0.00666667
942	1898.601	0	0
943	1900.644	2	0.00666667
944	1902.686	3	0.01
945	1904.728	1	0.00333333
946	1906.770	6	0.02
947	1908.812	1	0.00333333
948	1910.854	0	0
949	1912.897	3	0.01
950	1914.939	1	0.00333333
951	1916.981	0	0
952	1919.023	0	0
953	1921.065	0	0
954	1923.107	2	0.00666667
955	1925.150	0	0
956	1927.192	2	0.00666667
957	1929.234	2	0.00666667
958	1931.276	0	0
959	1933.318	0	0
960	1935.360	0	0
961	1937.403	0	0
962	1939.445	0	0
963	1941.487	0	0
964	1943.529	0	0
965	1945.571	0	0
966	1947.613	2	0.00666667
967	1949.656	1	0.00333333
968	1951.698	2	0.00666667
969	1953.740	0	0
970	1955.782	1	0.00333333
971	1957.824	2	0.00666667
972	1959.866	0	0
973	1961.909	1	0.00333333
974	1963.951	2	0.00666667
975	1965.993	1	0.00333333
976	1968.035	0	0
977	1970.077	0	0
978	1972.119	0	0
979	1974.162	1	0.00333333
980	1976.204	1	0.00333333
981	1978.246	1	0.00333333
982	1980.288	2	0.00666667
983	1982.330	0	0
984	1984.372	1	0.00333333
985	1986.415	1	0.00333333
986	1988.457	0	0
987	1990.499	2	0.00666667
988	1992.541	1	0.00333333
989	1994.583	0	0
990	1996.625	1	0.00333333
991	1998.668	0	0
992	2000.710	0	0
993	2002.752	2	0.00666667
994	2004.794	0	0
995	2006.836	1	0.00333333
996	2008.878	0	0
997	2010.921	2	0.00666667
998	2012.963	0	0
999	2015.005	0	0
1000	2017.047	0	0
1001	2019.089	2	0.00666667
1002	2021.131	3	0.01
1003	2023.174	1	0.00333333
1004	2025.216	0	0
1005	2027.258	0	0
1006	2029.300	0	0
1007	2031.342	0	0
1008	2033.384	0	0
1009	2035.427	0	0
1010	2037.469	0	0
1011	2039.511	3	0.01
1012	2041.553	1	0.00333333
1013	2043.595	0	0
1014	2045.637	3	0.01
1015	2047.680	1	0.00333333
1016	2049.722	0	0
1017	2051.764	1	0.00333333
1018	2053.806	0	0
1019	2055.848	1	0.00333333
1020	2057.890	0	0
1021	2059.933	0	0
1022	2061.975	1	0.00333333
1023	2064.017	0	0
1024	2066.059	0	0
